1000 9903
394 360
531 681
474 49
195 463
794 969
47 587
103 895
440 629
137 91
981 489
734 898
610 660
591 843
578 438
136 157
386 605
294 114
977 572
942 958
635 184
97 553
596 581
9 883
789 652
468 944
342 985
22 191
334 857
448 44
485 975
588 601
398 974
57 712
810 502
739 420
979 405
10 671
620 481
88 242
192 214
553 40
70 246
59 435
904 734
870 537
175 265
399 901
794 181
939 836
961 908
49 330
343 616
184 803
800 720
98 761
944 761
838 229
55 197
791 305
650 935
90 680
896 491
880 570
292 920
222 729
928 956
806 919
436 579
20 770
58 445
702 866
168 533
964 57
91 447
309 364
57 259
310 223
208 369
534 750
341 556
413 79
622 407
242 995
251 787
180 285
843 631
479 45
857 439
489 539
588 257
263 755
268 991
911 7
898 202
887 132
82 813
907 932
583 655
14 840
80 278
658 501
611 733
60 447
654 722
649 206
887 426
835 535
748 876
416 871
736 876
535 718
683 987
79 754
406 262
9 760
478 372
28 419
925 939
710 323
622 527
98 443
779 966
153 775
293 415
672 741
984 311
979 855
71 541
554 521
593 649
930 644
822 730
698 988
962 985
135 6
641 308
415 161
182 212
989 220
119 779
54 914
629 998
133 513
529 744
519 461
375 963
429 320
453 673
936 645
367 175
258 945
189 667
483 418
465 211
582 646
77 307
219 492
167 68
259 400
703 999
156 362
340 222
108 627
275 140
403 451
208 921
544 707
228 340
502 799
244 735
782 381
750 49
74 574
737 540
366 318
484 653
820 39
587 372
180 134
151 775
44 268
561 322
364 187
731 565
952 838
244 736
613 569
834 310
2 584
625 155
592 492
481 355
501 96
364 144
566 784
880 55
899 255
205 860
4 281
903 671
580 824
852 197
959 739
767 298
344 852
365 706
386 73
188 221
724 511
690 187
448 818
526 301
268 101
164 325
807 347
852 671
128 559
383 307
495 78
710 984
878 564
879 563
182 257
960 492
612 862
791 377
900 318
168 606
426 622
551 955
671 84
199 742
400 625
976 528
194 629
391 813
224 498
367 234
396 778
208 313
686 482
655 529
270 561
361 596
920 102
777 931
64 107
726 398
263 388
358 514
773 488
769 263
552 913
402 808
42 354
107 770
209 306
349 870
357 256
432 543
696 700
185 441
468 584
234 790
350 940
290 347
179 260
289 452
645 47
829 706
468 875
930 583
290 998
853 189
252 564
806 77
97 637
722 948
164 261
827 719
222 23
352 459
978 945
299 794
106 628
13 232
469 422
260 903
687 24
303 803
19 728
884 682
22 137
448 798
306 340
571 416
383 326
296 834
67 897
582 96
912 124
519 549
93 941
810 855
704 254
153 104
541 965
926 621
638 347
550 755
319 68
580 464
998 67
750 992
145 909
549 371
741 675
10 261
780 865
31 425
197 945
927 867
729 1000
15 677
386 95
419 600
632 221
810 865
618 595
945 640
968 255
57 448
534 162
264 742
195 462
475 635
821 398
320 653
879 550
543 689
12 831
949 106
471 762
76 202
21 583
503 740
264 964
925 17
907 554
985 318
768 340
420 719
518 342
886 590
561 675
677 545
790 768
238 829
631 190
647 949
118 279
873 738
730 157
469 247
678 981
726 21
920 873
598 156
344 127
777 99
792 743
653 794
468 32
265 343
136 730
396 148
969 686
952 604
662 667
133 290
310 406
619 794
188 133
652 308
525 2
656 191
35 266
435 612
992 871
934 638
577 723
62 773
347 767
221 252
496 933
466 5
175 735
55 117
480 425
615 157
675 88
665 82
703 526
968 61
971 846
533 203
662 289
138 69
546 326
394 43
620 731
823 790
111 32
560 118
604 871
149 436
1000 140
284 733
157 73
802 414
215 951
570 902
63 99
985 745
747 774
694 771
661 7
20 310
873 956
690 954
659 217
994 728
441 712
254 866
455 27
882 773
424 373
925 279
947 835
624 724
36 546
878 297
38 400
170 296
9 878
416 888
221 747
826 831
773 852
387 41
631 928
304 761
526 52
819 42
730 403
890 4
221 284
848 614
10 935
852 162
304 584
359 331
840 761
916 797
490 446
515 963
843 510
292 72
386 21
633 934
11 672
547 498
474 970
607 510
172 373
616 835
112 546
519 665
230 731
228 684
136 818
283 933
932 912
590 726
103 701
135 33
653 420
379 697
751 449
534 425
24 418
558 291
391 968
324 509
971 874
457 724
721 775
974 83
280 123
907 438
674 407
152 437
437 92
555 265
259 852
95 888
926 240
192 174
217 706
237 255
256 258
739 581
66 489
730 896
423 209
753 353
575 980
238 106
444 186
797 238
169 545
772 316
539 603
96 815
808 990
338 888
768 395
787 153
627 598
725 604
543 828
643 438
626 290
899 960
443 588
613 568
191 662
984 216
678 108
631 900
858 191
397 529
352 753
443 810
725 176
178 21
986 652
58 591
478 480
156 636
231 24
912 130
663 396
221 2
224 298
576 63
852 420
174 889
451 517
16 102
344 627
456 365
609 185
383 306
483 948
141 466
718 500
167 598
629 167
228 576
62 940
357 804
28 836
676 936
128 846
55 129
620 815
859 735
135 410
160 718
257 264
814 532
889 151
590 127
332 859
333 494
980 875
983 20
113 844
349 836
835 5
581 553
158 378
821 474
513 793
751 921
850 570
360 818
551 86
541 92
82 867
377 529
817 796
658 280
860 662
902 919
28 32
526 803
229 609
433 688
15 218
321 987
911 796
863 119
190 743
283 3
527 812
457 276
498 992
442 672
387 97
300 710
155 205
583 5
434 60
207 273
356 809
451 707
639 306
35 384
383 496
519 946
938 527
244 778
559 477
430 163
878 797
681 295
741 895
745 628
520 654
358 129
54 654
880 897
888 396
818 331
783 238
417 331
111 696
846 261
943 705
34 301
141 583
471 192
963 376
232 398
944 399
328 929
76 519
189 992
262 116
428 132
215 76
399 261
937 998
976 908
775 174
245 419
737 952
4 602
152 493
357 284
51 737
163 559
627 466
223 487
560 425
232 74
964 411
185 468
648 988
13 758
87 453
313 376
21 951
40 349
321 133
473 66
991 128
169 81
320 475
817 905
692 35
913 330
830 798
558 652
355 243
122 202
325 983
877 170
697 700
901 613
899 792
557 984
528 574
972 465
254 600
136 731
999 1000
1000 922
969 685
878 991
516 166
774 214
181 180
601 314
675 543
862 435
961 898
999 206
175 504
861 233
473 728
724 167
983 698
456 421
148 475
810 840
984 635
306 603
783 927
314 958
324 283
889 962
585 473
215 370
181 398
383 552
846 400
404 163
124 340
723 327
962 661
581 941
792 158
775 125
558 375
580 235
447 476
140 564
659 540
396 910
825 772
663 968
798 49
821 368
966 891
475 828
318 474
636 305
326 157
871 698
820 952
911 355
513 976
881 702
552 874
664 420
977 227
500 379
265 63
487 48
535 772
293 745
989 860
42 427
777 212
891 646
379 38
531 933
623 267
237 60
627 716
744 912
184 683
838 974
934 509
706 116
528 892
602 389
820 873
387 155
924 82
291 631
442 745
4 144
264 317
853 485
784 692
195 775
933 29
240 940
238 683
939 644
762 33
76 169
583 205
931 564
326 202
746 637
343 921
364 404
183 880
187 373
338 251
174 109
954 668
20 595
525 66
222 950
372 46
26 991
819 745
440 966
261 696
682 828
814 26
177 409
233 130
31 467
879 767
71 978
849 312
12 444
270 680
204 69
25 831
643 836
99 361
293 986
136 931
559 842
855 68
214 308
107 804
327 751
533 448
564 490
86 882
345 308
237 254
609 939
670 945
815 667
284 337
964 467
436 20
708 984
468 677
394 512
700 984
40 601
870 915
29 308
947 817
506 451
751 715
463 531
251 381
363 359
755 687
616 341
431 230
167 613
677 218
456 978
772 226
723 628
980 447
335 378
190 603
977 567
616 627
636 622
359 465
930 997
805 247
808 165
438 992
679 738
672 660
110 920
868 357
650 795
777 2
10 698
359 183
624 268
93 71
187 14
267 438
606 799
20 742
444 518
652 35
853 942
540 223
162 307
662 140
651 157
125 440
570 295
255 875
319 328
727 351
384 7
183 393
722 189
371 921
7 223
910 980
124 359
397 831
380 985
966 816
719 664
890 794
707 160
800 526
986 489
56 878
789 842
518 120
738 930
211 798
642 812
324 519
648 545
298 102
100 46
872 31
303 395
878 21
290 514
863 707
773 215
705 673
118 414
869 382
817 787
40 576
832 578
929 810
344 502
71 125
881 49
204 802
355 214
265 674
873 661
801 464
751 604
899 831
386 662
294 823
957 237
759 161
292 703
723 528
446 989
557 245
253 737
89 320
516 195
244 996
602 526
931 716
624 74
465 165
771 23
420 79
957 288
297 220
163 295
261 275
64 288
374 525
625 705
441 41
770 936
871 124
569 822
235 486
457 800
849 614
281 210
48 195
926 738
103 295
953 576
167 714
779 460
690 737
448 732
971 932
382 373
560 54
774 321
81 158
998 163
105 16
859 939
785 844
917 199
441 246
332 888
392 445
655 996
368 556
111 236
453 119
958 879
959 50
427 229
800 665
158 343
492 389
110 44
275 89
683 52
276 902
794 839
782 392
450 945
488 356
828 69
845 280
9 918
798 662
946 31
276 740
921 275
602 430
251 180
40 971
22 623
867 30
333 934
965 629
69 576
530 210
847 625
248 541
1000 524
982 684
142 295
863 251
188 417
649 945
870 653
373 107
763 319
70 965
578 732
109 678
239 854
26 183
942 377
335 57
255 216
265 85
757 134
794 176
334 745
26 38
154 19
121 220
193 575
799 11
54 760
719 254
558 184
886 325
525 401
874 373
857 577
144 500
733 46
353 802
539 246
176 805
619 459
549 492
516 763
115 792
337 374
559 583
965 380
159 181
931 36
733 240
935 532
811 522
485 7
759 268
113 600
383 952
584 703
78 174
150 523
413 267
251 566
676 711
990 84
202 842
836 397
252 212
712 655
385 555
104 963
431 536
455 810
731 110
642 757
489 896
302 815
303 466
622 244
623 165
153 72
76 782
80 235
97 197
742 573
708 997
440 163
70 418
846 623
722 713
373 523
545 192
503 152
839 290
657 530
551 494
330 766
844 43
262 383
247 151
344 430
987 417
863 57
443 546
501 280
430 284
605 658
607 36
289 563
503 559
397 306
737 651
991 298
723 968
158 74
817 869
568 731
628 971
130 458
615 767
376 332
875 146
154 633
767 384
570 9
329 122
118 684
550 761
849 652
387 743
851 74
616 837
309 570
92 446
666 125
760 144
559 746
83 165
836 813
729 667
15 840
453 507
770 431
663 664
655 407
228 573
135 35
231 698
825 581
336 662
153 320
945 931
524 337
532 578
693 582
585 325
768 803
197 631
113 580
976 966
958 634
64 980
584 11
517 569
845 156
672 32
155 1000
372 530
393 947
641 245
76 521
854 261
110 163
275 32
294 332
557 458
392 196
433 936
414 565
238 153
503 385
976 2
982 40
553 536
611 53
304 810
756 973
711 795
471 898
739 178
20 923
248 887
669 835
356 578
605 837
75 42
91 460
815 222
230 906
636 905
985 135
18 966
352 516
294 667
23 443
305 690
779 158
10 857
691 66
831 280
628 559
404 689
212 214
909 152
896 793
532 897
996 922
61 439
559 424
606 221
871 458
249 847
583 470
185 695
943 958
15 831
970 888
564 996
447 672
249 681
223 969
205 366
261 556
559 639
999 324
942 323
99 836
558 317
393 717
362 682
219 47
595 957
889 731
820 595
603 325
916 110
189 700
854 694
621 601
696 720
803 660
181 8
293 590
39 94
77 999
595 534
64 126
708 799
953 80
893 502
74 974
664 268
942 823
841 282
967 800
125 733
717 825
4 932
338 858
946 541
682 35
602 991
635 1
763 52
696 251
294 820
98 173
282 804
507 436
112 81
361 730
114 899
796 221
445 297
395 604
706 718
818 916
361 583
759 365
420 72
573 158
230 355
32 592
541 880
625 631
663 397
61 475
794 214
32 719
107 389
292 785
352 108
482 739
763 862
72 891
272 365
935 994
116 108
462 16
928 916
528 190
893 884
125 490
914 839
794 273
638 607
229 412
287 828
272 523
862 928
777 738
336 350
872 719
506 981
786 643
470 888
509 734
574 610
315 909
355 680
997 121
159 532
492 631
418 398
826 371
630 821
481 770
371 658
212 918
399 74
115 891
954 671
682 229
521 161
544 270
881 67
350 798
521 50
320 477
799 991
284 184
506 504
553 737
385 485
8 300
47 139
361 880
433 547
674 611
443 630
460 552
243 904
83 735
879 645
38 341
20 686
518 963
374 477
601 399
602 624
507 764
239 849
330 159
629 345
482 818
11 552
545 720
88 357
127 12
643 63
610 54
757 133
975 242
926 914
837 253
784 903
16 17
219 570
736 384
202 292
645 742
44 455
12 37
31 219
423 528
816 391
449 775
738 541
847 202
578 355
600 397
529 631
879 741
758 674
105 98
778 522
841 822
660 350
238 326
149 223
633 436
816 116
637 388
450 302
201 410
844 482
372 575
245 823
51 846
895 664
470 132
206 642
890 851
533 283
185 389
367 885
911 146
972 988
898 795
960 956
647 756
523 426
212 537
657 636
531 935
826 617
459 64
706 195
246 264
714 758
531 20
39 725
115 6
491 439
359 632
285 629
640 620
71 68
787 239
200 947
972 273
66 836
92 964
978 997
151 221
545 914
585 605
360 447
880 15
348 749
114 971
118 899
984 29
178 108
549 75
36 914
438 538
455 600
943 839
26 317
554 610
866 944
334 714
151 272
549 173
721 922
554 757
666 459
356 899
935 981
992 245
542 713
121 473
374 997
126 74
625 793
497 797
465 420
46 651
8 608
551 666
663 520
315 358
667 717
873 432
858 516
769 29
440 661
684 392
902 467
484 230
986 352
94 893
918 553
975 552
300 272
52 401
828 151
768 42
811 164
868 979
927 602
589 190
336 87
748 65
744 208
543 650
732 606
39 93
380 833
593 509
846 985
691 153
393 334
216 295
363 456
75 92
22 677
762 766
88 993
751 570
387 249
189 61
745 733
986 617
680 692
536 696
296 189
576 215
212 497
143 589
995 842
603 69
227 724
446 950
785 346
896 875
514 470
443 75
738 56
350 274
633 982
814 381
572 183
240 680
149 738
112 434
980 220
619 116
68 502
111 560
685 257
887 895
11 862
220 72
556 498
940 849
718 621
745 447
563 714
605 91
589 630
847 507
811 708
495 183
615 166
429 357
656 311
508 290
471 174
250 544
794 685
443 457
335 591
253 466
935 684
628 130
928 710
307 643
474 400
826 237
137 320
20 394
141 996
254 631
39 89
920 921
974 332
462 608
211 800
464 388
720 11
161 420
891 156
860 657
275 943
833 283
946 538
587 276
860 768
94 292
958 397
743 649
84 506
188 333
583 992
570 600
378 131
576 594
424 479
288 382
739 399
601 434
804 753
625 276
494 975
178 52
533 654
187 334
541 703
447 912
73 352
395 829
473 637
783 742
892 323
295 732
957 687
486 73
503 933
932 115
508 482
116 510
408 303
837 58
305 153
456 27
225 322
871 207
487 710
660 468
634 811
258 672
832 709
718 767
908 312
970 639
185 797
737 344
884 153
208 394
940 91
962 575
923 815
432 834
592 544
149 299
171 431
778 157
428 278
841 635
39 236
804 572
364 555
313 163
833 596
600 925
531 797
825 56
111 351
5 206
150 937
962 227
503 1
510 614
68 610
986 237
454 591
492 278
955 826
311 527
213 412
678 894
330 960
66 206
104 421
216 287
142 11
473 240
478 99
208 643
304 834
545 772
969 624
36 665
364 126
607 115
425 902
647 855
798 129
867 254
282 168
744 627
943 61
895 212
517 732
369 754
540 319
615 725
597 954
247 753
123 975
839 781
552 213
364 435
421 692
162 548
490 489
608 732
438 857
227 970
432 290
250 553
440 813
365 936
387 538
181 236
377 113
837 30
362 958
953 753
185 607
847 213
558 408
262 309
444 712
528 155
224 930
542 908
564 844
557 257
401 864
160 900
937 950
170 517
521 695
774 291
759 995
353 627
944 58
157 291
964 181
179 778
222 139
756 311
793 299
560 106
929 315
399 239
436 797
517 596
591 615
150 875
191 85
603 61
15 373
298 941
602 255
177 792
18 284
19 13
596 785
959 161
565 26
59 625
47 840
643 561
950 991
772 491
991 225
169 186
247 145
928 57
820 511
843 950
147 655
408 909
540 974
942 590
654 66
341 333
398 828
516 103
760 519
335 355
118 17
13 219
938 672
588 488
487 245
37 166
3 106
277 407
572 95
444 168
279 364
156 532
35 349
352 311
832 65
447 936
582 29
917 712
420 272
944 666
653 254
452 897
275 904
560 970
948 957
951 784
491 570
440 952
591 7
331 917
353 701
262 273
245 583
673 670
413 923
710 659
901 998
629 993
968 93
823 961
310 188
827 258
189 805
6 165
457 849
618 389
450 307
267 843
967 867
56 998
721 916
224 684
81 117
742 866
674 2
986 272
604 839
842 860
935 489
702 460
115 306
722 502
445 637
125 321
380 150
18 497
842 943
39 5
460 94
392 198
963 881
125 582
94 559
451 399
812 666
482 341
485 590
234 846
594 840
846 585
557 746
122 815
22 698
350 215
812 952
229 730
71 43
645 232
316 818
778 971
763 155
675 877
450 520
421 409
369 600
675 409
946 296
196 927
992 598
345 73
306 218
605 406
416 614
678 322
628 553
476 302
224 447
888 662
409 227
527 539
843 414
97 16
595 273
705 465
902 574
975 90
10 520
551 644
750 862
325 369
428 31
615 80
839 648
443 347
617 884
300 64
564 917
280 50
409 816
426 506
410 691
730 556
471 30
953 267
259 709
2 585
615 391
963 190
980 768
664 295
228 591
324 364
55 716
869 8
446 219
406 692
627 506
848 509
629 648
711 618
523 772
933 700
312 74
755 350
255 918
673 87
479 365
599 326
234 930
38 242
756 803
321 46
915 492
105 952
47 241
714 926
252 561
97 965
221 702
94 180
93 516
537 808
917 851
792 831
667 445
818 771
191 775
658 216
398 615
258 202
5 591
745 862
784 782
966 26
438 659
921 427
518 775
540 331
562 399
31 848
567 930
588 639
48 446
546 149
25 980
59 248
280 763
941 250
230 67
567 832
805 603
332 695
283 865
432 101
881 842
71 774
58 901
685 6
229 410
893 995
270 756
732 39
76 515
292 576
205 481
674 360
558 974
513 46
864 838
662 393
556 132
149 298
134 204
40 109
195 36
905 632
772 956
648 738
385 460
3 941
958 660
823 559
112 277
656 588
372 763
212 912
393 90
394 485
109 504
647 658
501 638
506 292
975 942
886 579
687 534
178 514
565 182
549 529
489 835
790 773
592 865
61 855
579 774
122 871
680 925
288 189
643 19
739 204
577 249
373 854
819 164
412 278
420 825
44 893
910 188
273 444
790 470
991 307
631 840
579 693
448 81
31 534
288 522
532 869
737 733
993 331
369 753
705 383
140 142
892 779
847 257
499 687
488 312
581 341
583 267
549 183
92 294
199 514
850 374
80 906
488 715
110 710
330 462
97 457
940 651
619 460
582 208
992 90
77 408
442 119
210 251
194 660
287 909
555 757
628 37
186 112
189 943
353 513
923 669
449 962
159 327
110 403
829 602
646 863
738 660
855 463
379 510
73 531
220 710
936 687
767 910
547 887
942 145
494 12
646 121
663 821
25 577
683 942
526 675
290 359
494 255
561 341
831 4
368 301
962 341
804 776
821 30
825 91
630 646
523 428
952 82
366 292
430 910
597 424
212 650
393 336
892 244
251 228
787 128
130 901
38 58
117 531
498 567
194 284
566 748
450 379
551 376
754 212
423 709
175 100
367 305
257 703
293 41
611 34
353 278
799 723
781 324
585 579
696 292
863 216
499 621
887 80
942 297
545 513
965 648
288 534
130 457
571 638
685 394
450 853
317 518
671 715
917 727
535 136
556 647
443 80
873 709
159 116
145 558
573 422
603 559
729 664
804 206
861 491
629 895
991 888
82 18
817 77
858 659
732 120
515 386
213 215
628 57
828 587
185 989
44 90
229 466
86 549
345 749
789 80
194 568
812 87
760 992
659 572
966 968
897 247
937 802
841 562
641 511
954 883
8 729
726 471
820 920
233 706
52 258
91 812
254 680
39 4
316 655
501 645
696 789
570 818
755 498
938 190
690 587
668 976
748 537
569 122
790 850
612 56
479 99
467 619
564 187
359 521
855 900
288 118
180 140
553 686
311 682
94 334
498 603
562 932
299 534
484 538
13 796
360 520
92 827
130 536
807 758
875 544
140 481
13 877
962 89
544 133
867 215
417 989
532 686
93 304
58 138
382 822
117 43
559 452
835 932
807 564
687 352
743 407
468 426
161 826
456 402
7 279
457 511
614 318
941 38
945 35
811 710
334 113
82 502
873 257
727 490
841 867
183 276
112 201
79 423
524 368
216 939
489 409
295 207
744 385
335 766
105 201
767 731
200 339
788 444
850 753
369 332
186 266
3 944
543 330
394 383
158 236
63 432
205 175
685 741
744 191
309 241
293 732
618 555
228 74
899 756
263 817
602 39
346 793
904 237
65 183
930 577
721 460
540 896
995 389
415 636
74 318
763 166
468 10
14 410
883 941
717 745
277 748
290 622
299 784
61 566
732 734
127 132
990 2
615 691
282 197
875 206
690 89
283 725
551 152
862 363
31 788
596 76
944 724
463 420
653 180
323 529
322 996
550 516
992 192
651 479
798 814
433 944
244 156
439 204
405 76
14 177
851 244
524 54
288 69
124 562
875 778
647 184
278 677
634 607
817 149
301 892
175 807
879 307
880 755
628 113
591 367
479 705
443 471
945 809
20 75
223 716
314 360
611 521
870 365
820 562
972 725
189 733
171 62
637 223
752 823
739 563
134 337
284 39
214 227
381 626
688 450
228 411
967 880
713 785
532 179
318 236
673 483
213 410
855 991
513 538
189 129
338 829
550 186
354 179
942 560
676 616
623 577
626 359
169 126
316 251
868 440
136 369
588 815
184 605
203 267
956 971
204 544
753 72
914 339
974 739
889 393
102 494
230 691
231 206
110 997
751 488
828 467
957 689
120 936
945 137
784 9
857 581
785 480
624 328
642 107
202 690
884 938
136 796
603 962
567 167
888 28
132 837
833 970
278 577
962 750
854 928
231 739
954 122
441 165
647 45
188 694
708 45
855 462
579 280
447 40
677 907
590 184
169 764
483 284
411 555
910 515
696 651
824 320
368 588
111 268
459 359
276 823
333 258
932 728
33 206
108 518
473 391
846 960
333 659
482 335
526 962
857 297
96 168
181 879
835 510
344 259
255 727
921 949
332 348
406 575
9 775
825 421
633 620
189 22
945 851
356 569
549 790
592 263
935 349
887 336
501 149
726 854
681 55
772 154
696 829
922 811
596 326
297 231
69 322
107 147
587 141
810 612
464 52
691 155
162 983
589 924
74 187
520 223
610 473
331 728
633 936
448 860
366 734
934 668
810 646
405 418
227 1000
258 324
337 453
407 613
675 493
310 400
439 820
22 260
111 106
569 995
107 620
381 5
37 841
955 218
59 769
152 157
560 810
797 563
410 605
512 653
896 236
493 476
76 580
980 750
431 986
514 478
57 401
58 186
336 424
816 994
120 495
488 115
877 519
91 190
848 275
890 882
670 108
447 221
604 825
739 587
959 118
927 724
878 2
695 600
717 128
259 632
229 998
657 605
469 87
184 217
482 450
691 650
301 756
824 214
498 600
407 374
393 476
536 524
22 555
957 196
509 411
653 715
14 447
622 720
715 30
630 175
283 426
549 923
629 365
459 685
615 654
835 790
841 341
967 269
442 488
870 984
636 730
89 521
301 495
461 525
387 694
62 884
782 589
547 491
555 945
387 711
82 213
745 531
15 827
99 481
658 694
442 189
18 381
290 758
659 780
590 820
385 171
64 534
967 899
272 547
326 746
935 728
465 22
600 759
655 745
858 487
548 383
767 629
54 224
116 857
544 826
279 913
110 315
39 428
848 352
726 181
479 898
856 875
671 256
696 724
646 70
371 698
183 1
392 277
946 932
459 79
160 128
555 805
652 997
191 881
321 179
782 288
490 794
806 154
421 200
829 731
242 407
264 13
618 970
105 661
367 765
133 341
796 59
895 991
456 868
271 507
790 601
493 695
792 658
100 623
265 566
505 153
70 835
627 854
644 274
848 601
942 759
362 389
291 899
313 915
67 872
955 548
644 788
314 723
666 364
279 275
493 831
49 294
441 700
914 526
477 150
315 231
597 645
603 840
732 876
415 64
954 402
370 749
301 89
598 785
659 955
642 55
111 710
37 559
21 170
404 806
352 223
656 391
237 748
326 666
291 428
737 236
918 795
354 968
798 317
289 851
785 694
738 654
922 505
449 917
772 815
315 528
290 494
564 568
836 293
51 743
750 295
915 846
220 514
612 268
392 305
108 547
343 445
316 688
703 36
372 884
835 372
543 591
847 526
548 855
316 228
971 372
627 758
765 419
886 577
961 318
872 143
52 25
45 891
218 257
21 425
511 644
972 154
219 214
374 55
359 673
312 676
866 215
630 356
297 176
95 317
173 541
411 168
188 497
933 99
883 904
240 902
645 447
792 797
818 805
342 691
317 911
600 667
16 390
883 678
645 593
300 688
83 430
785 97
303 701
793 835
170 770
307 67
642 104
456 427
741 427
402 669
684 755
421 915
651 506
174 309
538 427
491 595
609 84
2 890
205 673
885 271
180 929
674 500
153 367
561 90
985 822
305 356
424 834
863 829
850 952
337 11
305 501
324 279
769 422
93 590
811 815
868 852
742 837
923 957
525 929
621 908
124 420
821 378
968 770
509 766
203 575
459 393
77 986
243 270
650 114
63 27
285 13
161 7
988 689
96 572
833 565
704 955
869 479
821 28
894 610
915 219
664 473
791 60
152 749
372 840
413 282
345 252
94 449
455 16
467 574
599 505
657 914
714 581
201 622
255 679
593 704
43 547
320 172
195 892
198 333
467 853
41 6
649 839
463 859
302 351
106 548
313 858
923 17
227 700
389 120
526 603
900 743
743 257
746 615
250 374
785 161
491 128
199 595
794 145
575 820
287 188
330 401
417 627
477 335
512 608
589 590
456 86
21 226
757 296
816 310
304 26
237 692
608 72
914 907
441 343
225 504
957 807
172 33
135 431
729 952
141 794
541 796
897 68
38 702
718 44
428 330
394 246
803 366
555 497
239 120
441 49
439 586
776 150
101 103
102 640
582 766
932 985
293 597
404 274
557 436
386 346
377 796
360 78
233 704
588 462
733 659
954 736
646 234
649 342
189 629
150 997
356 154
503 85
274 149
117 979
70 555
455 103
613 847
281 916
856 716
503 379
17 334
803 827
455 500
937 269
259 281
276 665
756 986
820 478
606 427
878 716
773 800
652 695
265 537
620 259
70 868
421 390
353 304
691 472
529 469
677 85
210 746
209 965
230 745
268 398
967 268
400 30
274 597
580 695
691 246
654 494
197 385
22 84
120 882
249 850
134 742
839 615
515 181
483 957
227 465
563 673
84 575
426 596
839 756
811 683
738 393
617 744
64 760
514 22
128 837
973 514
400 617
811 585
573 682
775 50
11 129
323 115
361 196
534 319
594 490
232 480
512 281
346 163
864 812
922 391
115 354
643 964
635 619
946 978
752 781
296 258
609 600
920 925
668 523
360 170
132 344
830 307
426 61
565 46
214 52
460 204
173 901
451 958
330 672
166 58
726 66
817 870
948 248
606 500
769 987
844 441
298 277
562 582
581 840
764 352
490 573
398 840
682 447
187 612
648 498
725 236
781 138
433 484
587 199
532 844
131 109
425 840
311 332
439 443
421 668
550 440
891 570
505 363
328 492
827 786
844 972
870 852
874 283
767 212
299 893
934 677
488 609
395 31
804 177
698 924
400 695
370 637
206 561
525 329
140 809
718 330
25 223
673 603
177 308
833 721
824 729
697 930
110 506
550 887
577 779
542 807
158 44
676 681
471 63
148 2
479 592
33 454
141 947
327 540
901 733
716 299
419 737
525 781
217 658
935 434
332 197
208 59
651 891
838 827
547 698
146 257
909 77
661 430
185 477
38 954
81 348
815 601
356 338
712 458
610 685
637 791
5 91
479 20
541 57
742 666
393 313
892 211
713 992
553 603
330 708
60 573
995 202
853 232
393 394
70 642
342 871
680 594
490 416
277 812
84 950
230 964
302 465
654 106
35 758
531 221
237 260
238 551
615 805
545 905
433 439
514 632
203 269
482 860
890 65
799 649
891 760
395 639
452 612
783 544
397 165
848 725
154 490
185 455
175 272
421 688
577 314
361 695
722 614
348 987
828 493
701 857
760 267
447 513
283 544
106 133
62 869
662 108
314 982
887 803
357 788
582 215
804 213
976 690
528 159
68 232
161 446
951 183
466 799
547 426
615 379
610 381
414 150
113 547
685 777
135 360
581 712
507 279
200 365
591 611
262 454
100 398
462 557
122 706
954 717
612 289
943 597
13 642
877 835
844 140
368 733
530 511
638 612
109 106
920 755
47 852
359 998
658 347
859 486
541 142
263 904
69 669
646 600
863 39
494 574
575 371
218 277
142 154
454 216
93 440
922 646
830 775
202 516
818 887
505 80
730 411
14 336
148 811
398 947
319 384
937 67
325 276
170 562
84 28
654 352
123 638
188 50
425 640
97 8
796 544
374 732
269 864
770 135
457 128
993 54
352 442
723 157
941 174
619 28
287 76
418 813
567 213
220 97
628 358
990 170
136 826
568 797
491 574
664 604
724 928
270 768
275 618
37 887
327 815
164 403
453 519
927 214
538 863
280 67
198 945
676 737
695 263
185 202
77 108
584 384
522 633
738 921
152 300
393 6
671 447
913 201
324 554
772 518
648 524
593 496
978 170
610 597
170 466
669 940
176 240
564 134
289 416
753 123
772 863
38 37
222 262
618 871
861 757
57 557
919 277
322 475
458 11
982 750
804 730
149 523
574 292
300 617
815 58
232 322
900 6
586 414
625 508
740 602
19 711
467 25
767 418
870 375
143 878
827 777
705 469
724 119
410 251
89 952
254 450
221 139
465 729
482 729
148 410
404 780
758 973
266 877
220 500
101 343
436 524
76 539
224 878
388 687
529 707
234 347
627 160
537 200
684 105
958 536
100 352
500 570
600 872
271 867
918 718
812 453
798 99
510 710
848 497
314 437
693 343
319 932
357 369
800 585
755 290
4 652
242 179
795 651
261 123
959 148
602 179
910 360
933 521
238 191
166 990
427 412
420 547
856 774
812 521
998 804
977 140
56 433
772 431
518 703
960 647
562 583
853 68
321 979
428 913
801 489
914 72
410 173
424 452
868 391
961 227
501 218
84 374
657 234
606 279
815 105
587 198
456 580
793 587
497 76
26 346
300 589
466 357
49 715
726 527
196 526
842 24
156 600
140 117
35 281
757 91
174 136
712 627
785 505
951 396
866 740
831 842
872 889
227 802
429 418
344 710
96 103
461 785
263 31
836 867
486 172
721 677
115 178
681 340
447 339
345 697
508 323
723 288
795 594
840 68
56 563
662 397
707 724
725 791
542 183
963 158
124 386
137 909
162 163
483 30
773 385
759 568
398 112
247 324
968 887
223 495
886 677
522 18
547 701
949 113
952 459
111 346
441 842
893 404
986 246
436 203
989 993
332 420
692 388
380 440
915 415
303 138
855 585
40 946
536 983
557 959
136 485
122 210
583 963
496 168
363 292
938 806
408 805
852 800
155 48
517 354
518 965
98 58
705 194
946 236
322 690
899 62
149 579
352 689
313 941
525 168
25 23
14 663
643 37
607 380
354 231
153 817
978 564
118 859
671 723
249 920
508 675
148 636
277 336
505 759
527 716
490 101
352 813
862 725
40 300
496 990
443 185
135 167
676 921
144 378
219 990
419 176
943 296
421 866
98 977
529 617
949 608
112 797
591 223
902 350
6 803
102 952
15 531
806 826
161 608
295 259
98 819
104 812
30 52
977 675
760 823
689 333
543 382
945 731
324 672
767 668
919 991
721 60
833 666
940 346
561 907
893 342
786 624
659 258
551 816
935 81
481 800
388 788
173 717
527 315
413 359
696 893
716 320
593 395
243 558
113 110
424 751
460 277
924 132
891 91
679 178
458 306
646 441
828 548
832 309
123 418
622 840
970 425
493 748
406 685
249 376
250 35
491 471
834 347
930 870
351 889
53 757
883 959
813 559
545 517
875 250
749 733
951 673
109 574
900 737
153 924
709 383
777 628
316 367
486 955
732 935
658 574
813 563
968 277
328 180
214 261
779 879
174 343
158 824
414 326
253 230
344 702
821 863
666 737
465 414
448 748
8 609
569 992
326 653
101 131
253 456
126 396
662 474
96 269
594 4
671 282
864 770
512 433
484 115
192 846
732 265
851 749
526 643
980 975
711 637
623 59
678 590
110 124
954 750
902 134
9 245
983 361
398 417
514 390
918 123
317 303
835 334
431 283
930 454
274 34
863 356
64 418
138 565
160 69
458 342
42 169
192 726
283 129
247 880
749 14
551 280
705 273
98 128
657 781
127 287
4 380
758 407
151 255
616 492
987 947
933 57
537 960
899 233
495 648
982 606
541 870
473 638
112 266
496 681
286 572
567 597
988 398
571 414
280 146
505 318
224 146
387 712
46 463
81 708
75 322
992 151
42 866
3 504
576 470
940 847
285 835
432 126
456 116
6 856
318 606
563 577
638 7
271 174
896 348
736 27
720 624
968 126
827 293
446 511
722 181
484 822
584 46
566 66
73 559
332 844
298 844
66 288
284 751
47 876
789 593
517 919
973 213
3 965
208 81
959 6
752 670
219 371
347 422
755 293
613 911
225 966
800 740
786 971
971 333
790 899
627 375
961 343
462 772
750 219
169 868
96 964
463 590
523 633
299 839
145 243
327 15
665 792
151 829
250 268
943 449
428 914
416 842
553 287
352 584
478 24
705 116
882 791
268 334
481 389
27 17
178 95
697 905
957 925
577 419
338 409
681 413
295 837
560 730
391 310
527 634
532 940
610 412
866 882
595 304
687 256
305 2
41 536
577 638
803 236
141 493
720 830
77 495
957 907
304 85
547 147
270 846
609 446
920 319
918 798
334 81
390 423
405 67
586 966
409 436
915 306
385 293
793 160
522 430
958 565
206 830
446 647
287 72
802 1
567 259
595 586
389 503
708 235
803 697
971 523
823 997
825 66
312 107
475 713
276 910
809 897
299 295
392 131
284 401
58 33
548 850
769 539
882 900
491 449
592 241
284 36
818 623
232 595
894 481
252 739
704 32
517 79
8 209
908 636
891 924
748 771
804 573
971 36
537 804
772 19
465 814
999 914
505 43
16 362
456 609
844 524
904 713
120 718
282 37
637 887
81 677
905 737
50 152
809 349
214 498
595 460
523 70
944 756
373 262
425 264
101 94
404 854
480 52
633 242
441 707
533 390
434 541
861 386
954 292
962 891
245 621
764 691
323 815
492 910
310 59
628 34
663 765
43 412
760 90
67 274
784 442
187 458
842 816
436 709
5 579
183 344
38 577
334 220
609 539
138 75
7 867
42 751
314 362
65 646
314 489
376 577
267 946
640 136
471 434
163 613
437 78
918 759
722 268
265 213
436 906
328 563
826 286
609 902
591 530
80 84
890 717
190 334
569 496
384 660
152 752
924 790
137 124
393 202
12 932
472 845
289 297
55 838
276 768
332 457
255 894
613 808
652 936
7 739
583 640
826 739
481 626
118 329
35 775
354 83
579 630
123 274
51 49
736 871
843 61
757 991
526 2
196 929
912 498
251 438
549 995
587 48
329 256
787 372
781 208
932 540
330 186
826 466
135 599
361 512
550 358
476 247
421 594
171 771
79 906
995 565
690 492
822 575
987 530
866 790
415 170
842 386
611 707
672 845
970 558
922 397
450 410
488 857
819 831
732 484
863 786
612 530
582 610
63 275
630 938
150 670
29 967
211 924
360 34
915 794
110 146
55 535
385 527
975 934
911 334
641 751
163 750
519 687
20 365
548 877
423 160
686 798
800 729
393 149
604 611
661 484
241 835
204 81
354 418
579 167
621 288
803 943
716 500
351 19
578 501
665 911
318 168
484 688
344 483
555 772
846 706
834 154
943 300
400 484
442 803
613 558
653 711
484 651
503 410
143 549
202 163
745 987
27 52
544 154
819 16
857 965
362 429
258 224
773 719
226 172
746 567
567 551
127 647
491 208
199 675
793 542
679 346
889 69
339 100
486 981
912 252
325 89
589 956
588 593
618 137
40 455
91 292
888 267
430 252
663 470
173 38
429 444
512 976
345 897
399 740
550 620
590 649
681 723
900 907
290 188
387 600
651 263
45 108
319 413
357 810
818 300
383 755
15 948
399 533
976 636
275 592
229 352
72 37
608 87
185 778
943 460
349 519
775 47
106 734
618 80
357 12
840 42
20 956
718 15
700 570
232 186
91 97
846 243
663 779
759 598
11 352
515 179
379 298
878 192
707 56
725 89
343 417
381 238
836 60
752 750
289 352
535 839
627 286
459 176
795 570
917 114
967 792
96 354
899 520
791 558
316 910
675 535
583 840
565 205
329 621
700 612
886 795
616 299
912 540
791 218
805 303
808 477
28 305
758 321
207 453
613 578
605 722
770 521
794 712
661 82
867 203
154 354
686 327
710 375
59 419
667 32
46 159
341 619
93 128
274 602
810 568
324 146
514 292
509 432
888 295
5 875
562 24
286 424
912 119
287 113
231 332
112 533
240 602
723 87
690 436
208 962
894 172
895 381
872 906
11 344
881 844
405 184
889 925
717 375
79 390
798 176
177 698
586 598
551 552
826 175
774 201
8 952
764 318
105 168
548 494
971 701
332 881
670 953
307 533
18 416
55 607
423 155
650 45
801 79
247 299
789 742
756 649
65 884
542 486
564 346
68 617
610 680
568 140
640 745
825 291
41 268
4 896
299 708
670 469
912 745
805 370
734 680
792 579
61 962
373 848
744 860
657 827
431 48
514 708
492 66
578 223
796 138
635 402
527 778
540 442
26 269
120 608
304 679
1000 900
235 113
363 68
848 415
164 179
576 851
577 398
353 318
889 396
491 152
810 540
225 20
357 575
728 957
361 692
179 967
625 523
989 42
936 202
97 74
425 587
193 679
527 718
311 115
519 686
760 381
154 826
709 76
699 629
548 78
248 202
295 748
827 17
756 233
466 139
563 523
983 914
710 686
656 209
91 282
291 332
40 711
462 487
211 677
198 562
449 629
309 481
293 812
578 104
538 745
632 260
742 889
587 824
217 910
915 769
750 32
721 50
143 159
238 27
167 37
948 155
809 544
908 86
62 84
800 813
983 308
971 276
412 391
17 358
53 416
392 14
238 996
687 673
322 965
730 324
252 512
571 968
308 274
965 592
87 694
127 357
383 207
520 105
960 368
875 367
143 625
517 324
631 810
559 815
887 732
503 727
701 228
130 451
973 915
151 443
520 660
891 630
729 343
642 294
405 316
743 146
11 733
267 311
196 727
396 401
128 607
861 195
210 951
802 531
585 129
508 560
328 182
153 432
3 414
922 232
118 583
345 981
867 812
651 363
673 663
157 510
267 98
577 915
927 159
875 614
860 210
453 516
402 534
862 864
318 642
643 427
52 490
159 438
417 179
642 908
293 960
581 681
103 725
39 173
557 432
355 744
677 827
273 557
474 166
574 653
353 585
426 69
299 465
397 580
330 569
664 313
663 581
127 378
427 437
265 466
907 623
53 579
70 559
18 138
200 761
554 488
161 577
617 392
104 341
289 801
731 656
750 172
255 758
401 163
679 336
921 916
170 352
118 170
429 725
213 206
161 611
697 657
610 946
442 800
902 704
18 831
311 582
835 652
89 370
286 807
349 160
350 395
832 134
169 641
89 739
622 567
154 701
274 631
666 277
853 407
758 183
490 409
878 780
176 696
883 19
287 156
434 704
328 323
145 627
277 150
116 482
686 50
626 989
361 285
141 455
185 559
31 947
76 510
980 442
35 45
862 546
224 585
120 195
283 779
124 667
340 968
716 887
515 484
955 253
650 325
969 458
506 855
733 928
546 900
609 370
976 923
462 334
587 883
716 597
522 70
261 326
358 574
877 742
968 862
109 380
411 582
665 674
485 393
98 334
128 308
123 580
96 760
316 681
461 400
63 428
467 815
185 310
138 863
337 531
835 300
626 642
234 941
886 496
265 351
71 119
860 792
523 712
339 711
467 506
696 132
596 669
934 130
293 26
757 997
773 768
408 972
575 692
13 139
808 365
114 952
923 44
62 424
951 634
311 475
79 815
26 345
135 521
118 963
175 376
827 953
790 303
538 316
153 858
830 572
280 639
490 509
560 683
170 811
211 61
892 988
287 112
917 265
756 619
532 242
138 971
67 538
270 989
876 456
901 416
534 2
663 362
261 742
893 499
563 558
106 79
851 793
953 590
145 889
183 193
707 987
429 321
513 182
440 742
591 373
774 319
632 122
137 650
347 73
257 353
702 685
635 666
337 947
45 386
11 318
506 986
265 231
17 829
966 778
203 534
828 879
996 217
742 813
108 905
848 966
536 30
975 921
160 818
548 717
56 131
600 658
850 533
569 808
29 208
674 807
596 884
152 517
453 317
251 209
624 597
363 507
56 481
459 44
920 522
928 21
855 586
276 346
715 255
473 248
203 35
792 580
830 156
596 697
881 164
368 113
667 481
174 787
781 345
635 149
530 91
235 995
644 983
956 961
236 463
383 8
221 445
991 329
888 614
793 725
98 283
351 703
961 927
525 54
208 896
883 602
222 936
615 947
802 524
166 851
716 821
97 380
709 75
405 106
957 941
249 616
864 27
183 293
828 702
233 60
710 574
604 85
882 403
168 657
704 611
101 253
768 960
479 944
850 836
617 87
138 216
67 50
565 735
551 860
73 997
594 321
578 602
595 616
981 527
836 262
360 87
638 654
416 345
436 916
207 971
578 717
65 934
284 320
416 200
881 260
950 395
845 417
313 304
616 55
657 619
603 211
114 316
425 191
113 252
277 987
320 306
564 93
531 140
236 254
290 802
535 620
682 480
80 402
635 448
838 743
198 326
606 323
112 3
809 995
517 257
714 800
457 473
567 511
922 821
631 805
320 79
799 617
624 61
364 376
202 111
858 446
832 42
979 301
121 21
623 950
719 311
496 543
48 390
745 680
374 720
879 957
974 995
335 175
683 313
508 561
220 125
936 822
330 493
666 67
40 395
805 6
819 611
822 326
415 148
456 91
989 303
707 456
645 995
315 256
392 803
644 900
466 876
84 579
620 525
270 772
72 11
570 278
771 533
367 476
633 494
302 223
864 150
975 642
615 411
730 707
712 74
287 652
881 629
310 807
920 23
479 916
6 44
834 677
615 488
570 221
161 181
567 325
354 606
794 995
924 598
872 440
843 526
441 935
116 656
657 710
800 431
345 178
793 897
964 360
189 481
597 484
941 818
344 374
768 19
702 161
906 426
911 927
234 985
919 416
21 869
44 624
616 305
799 926
396 55
752 305
882 684
623 198
499 816
804 631
400 373
933 85
31 582
610 149
943 253
308 900
865 321
992 849
979 201
852 57
174 37
362 333
434 878
571 403
59 359
97 40
278 967
279 378
616 796
301 478
947 404
589 779
900 998
944 702
675 318
629 171
396 660
970 753
992 25
560 893
798 459
510 906
822 477
733 782
914 1000
23 708
814 689
525 514
413 232
487 955
595 962
771 825
755 476
531 554
125 175
510 635
938 488
385 504
734 636
506 566
309 73
94 721
8 764
603 125
734 769
113 969
864 527
302 743
932 423
378 479
363 641
753 313
830 391
579 133
526 956
251 52
217 964
218 311
94 386
521 28
716 175
321 38
88 855
783 132
91 604
722 790
907 872
506 93
550 224
517 505
80 602
781 308
657 238
775 886
218 760
956 830
792 32
243 27
542 803
622 609
643 188
629 331
499 554
559 112
549 10
131 993
261 946
50 941
580 656
376 398
943 774
296 390
36 34
843 434
563 485
735 736
538 909
791 178
10 581
434 741
918 51
206 321
851 12
580 438
549 509
419 152
224 32
471 250
462 30
634 759
763 922
641 335
56 729
36 407
189 899
150 395
447 351
84 635
175 812
10 271
326 712
777 744
91 373
443 492
656 667
180 745
219 5
579 293
851 584
238 653
48 427
803 301
253 382
860 266
989 682
441 108
232 39
341 907
672 405
895 314
755 149
665 701
740 199
557 503
998 523
982 140
367 968
958 229
69 898
310 696
630 557
902 988
248 987
907 950
496 439
995 241
498 523
652 790
491 350
772 399
204 889
244 702
361 894
431 50
549 891
874 189
187 534
596 442
260 226
984 156
782 565
749 356
196 952
517 366
921 621
95 374
241 468
429 830
571 765
829 33
248 262
726 559
359 18
390 570
546 804
113 434
452 775
475 430
957 714
874 376
344 567
533 907
795 84
75 697
137 890
193 854
604 304
20 673
612 795
149 3
850 144
278 745
979 844
638 243
750 905
785 763
401 974
186 120
168 515
426 555
87 577
106 307
383 941
646 855
404 38
779 114
798 146
984 788
570 85
498 24
483 436
770 349
712 190
217 576
803 750
78 343
680 985
301 652
670 930
472 562
128 438
94 681
459 284
425 412
557 475
942 180
393 126
530 601
168 13
780 279
665 522
479 230
924 785
946 761
912 809
488 331
851 928
13 927
604 696
109 246
401 197
458 318
352 789
273 581
522 743
283 716
725 476
912 727
285 587
678 434
56 365
22 518
667 351
213 515
502 94
286 923
880 426
41 8
867 180
406 272
64 167
917 39
236 413
199 560
2 357
41 153
60 147
407 958
411 315
657 71
192 301
83 483
377 130
233 471
533 717
454 328
974 625
316 363
634 474
429 196
103 45
378 540
533 574
475 394
992 784
594 956
900 515
206 270
944 659
12 195
675 261
90 751
452 906
490 69
550 583
274 169
483 788
634 700
706 833
669 117
713 43
783 967
861 483
166 975
262 270
564 954
746 37
328 918
76 748
516 849
578 874
33 679
731 292
312 490
475 118
422 595
8 995
464 229
10 81
393 815
301 974
399 321
594 403
264 732
217 604
942 155
186 737
507 423
402 841
833 491
794 787
725 557
433 933
985 720
603 129
125 605
364 763
167 344
298 25
359 944
105 529
221 911
699 418
319 754
833 166
726 939
303 78
26 658
511 811
277 879
278 408
80 639
82 96
601 51
635 154
360 671
71 179
808 371
339 585
57 673
701 555
362 424
365 547
442 512
244 916
800 358
714 212
607 291
614 581
196 678
334 300
275 830
148 560
365 982
945 202
585 163
475 263
663 320
866 588
988 95
161 603
958 705
999 377
140 658
926 994
499 28
482 124
437 958
894 480
315 525
52 456
966 812
146 629
184 457
726 408
450 159
604 828
21 11
429 638
918 994
668 513
265 18
85 497
273 527
860 581
94 609
797 84
284 393
142 795
311 992
367 548
616 112
891 150
673 479
730 24
813 898
259 746
977 961
286 8
448 305
302 588
583 837
553 754
626 488
792 45
575 289
613 766
744 867
431 25
434 207
342 972
19 411
496 412
557 999
635 395
285 676
827 733
814 453
473 912
74 24
718 865
539 126
867 349
541 516
123 573
330 241
374 750
178 445
288 709
309 933
201 100
554 544
974 937
645 759
780 418
361 366
13 333
567 810
958 363
50 978
15 868
914 811
148 443
811 653
6 937
600 444
508 489
91 307
889 681
668 929
814 867
48 78
964 52
987 381
491 650
845 887
385 313
519 506
722 2
137 648
814 722
505 794
215 67
936 700
371 833
820 570
555 319
116 555
797 278
963 18
391 549
128 355
18 444
557 502
815 758
411 756
48 650
290 715
293 760
720 156
372 883
555 106
95 957
328 439
397 283
496 218
62 153
688 728
843 900
701 318
851 914
986 900
792 757
201 669
990 338
412 670
662 570
421 344
724 359
887 757
355 476
818 988
502 285
947 128
567 763
70 49
260 733
886 439
232 908
799 516
729 376
897 516
905 864
165 724
371 451
952 470
598 631
935 853
130 28
719 194
296 812
892 912
452 919
605 247
241 940
572 992
217 595
177 104
231 821
489 174
500 814
171 202
614 254
580 314
389 159
965 352
36 436
241 654
257 417
646 709
168 516
980 611
452 196
128 178
440 644
148 189
385 261
149 228
890 900
873 82
380 934
536 350
202 894
115 435
208 255
116 920
929 305
492 262
124 941
418 310
882 371
935 511
200 482
869 472
122 575
412 143
911 231
274 168
863 766
920 842
320 534
427 330
178 588
416 57
470 492
224 201
961 679
702 139
423 926
887 149
890 427
288 99
652 827
969 758
714 707
817 928
412 476
682 494
23 314
703 436
688 851
670 583
910 246
911 859
348 625
758 396
559 213
891 813
196 941
770 972
374 308
122 469
969 372
970 7
322 283
942 417
232 1000
191 983
529 12
583 337
767 436
325 97
309 876
680 112
843 492
936 26
330 265
496 529
723 818
943 825
33 890
322 949
16 104
490 51
975 72
714 482
20 727
438 162
274 835
131 726
945 910
248 112
124 515
949 734
676 954
144 347
254 138
112 687
620 527
824 808
950 184
997 883
945 792
470 989
972 567
594 1
371 904
299 167
949 963
279 901
37 880
622 467
310 805
169 695
77 102
914 70
484 120
90 211
238 75
111 187
792 83
439 752
833 633
372 661
502 588
301 751
33 113
677 824
898 835
459 315
612 451
243 608
381 562
699 661
709 30
705 720
647 717
742 725
86 105
89 507
532 371
795 963
194 454
322 307
251 155
677 491
369 884
304 949
178 850
370 47
860 139
819 231
269 250
442 670
387 115
993 281
421 272
424 12
605 492
678 376
573 142
166 556
476 455
625 583
370 878
889 58
780 447
413 674
965 117
438 799
224 151
477 315
959 380
424 885
287 46
749 879
474 547
917 355
849 629
576 299
140 828
513 318
349 658
49 254
840 223
456 200
945 772
180 535
458 977
261 306
890 956
262 21
512 272
716 592
823 684
686 604
543 317
102 679
755 187
662 832
869 399
7 944
588 489
91 771
458 514
167 238
795 641
528 719
639 910
802 331
570 282
345 140
578 418
377 547
527 495
783 17
968 654
860 868
934 423
683 229
61 841
189 152
541 223
84 414
398 502
644 216
297 51
541 368
853 78
288 282
142 165
539 855
881 189
473 377
192 486
305 714
123 591
476 405
849 917
356 991
529 59
19 745
585 931
44 576
446 808
303 673
931 840
239 551
511 258
921 290
888 299
596 100
136 922
267 368
257 371
344 605
845 643
23 919
379 785
380 590
896 543
783 905
408 169
340 632
860 119
644 455
173 958
81 888
457 187
774 306
243 28
194 936
573 930
327 900
698 104
223 567
30 109
215 51
755 230
356 123
897 423
506 354
775 322
138 773
862 724
200 598
591 682
711 571
707 425
360 796
237 74
350 891
939 202
263 780
235 553
277 964
804 188
646 471
526 877
578 57
339 631
800 995
695 831
511 797
592 133
331 235
619 604
467 411
967 30
809 900
350 788
888 907
896 701
933 853
66 999
448 577
251 417
588 800
184 614
536 763
707 587
235 117
553 24
37 183
939 807
467 102
966 124
948 543
329 73
724 912
531 99
610 445
444 509
903 421
343 745
288 849
22 390
816 435
409 963
871 151
747 141
296 587
433 761
707 555
615 146
745 342
429 273
413 908
950 221
565 570
10 264
637 499
402 558
563 306
811 918
314 162
209 56
689 502
188 355
850 26
272 754
293 808
438 259
299 203
64 884
873 226
121 773
86 753
440 483
39 133
356 31
301 650
308 218
493 162
989 829
494 133
260 325
119 232
191 175
303 481
177 789
217 864
455 234
829 569
912 811
893 434
859 334
807 998
62 43
82 797
599 256
30 517
14 142
492 252
367 716
804 975
507 985
461 12
661 798
866 256
369 984
78 896
249 258
597 122
468 996
398 779
39 559
278 365
924 471
728 208
658 135
957 409
209 977
52 569
386 117
356 919
896 778
736 457
838 673
2 362
866 836
478 390
540 389
266 542
818 35
124 830
378 538
382 226
511 474
278 937
372 60
192 426
11 814
693 774
604 359
624 365
20 720
611 633
278 792
997 656
743 108
266 880
139 194
82 722
732 195
241 728
292 940
793 65
353 714
82 8
410 563
125 422
732 114
823 933
435 924
771 534
811 613
902 316
775 966
688 196
436 678
916 232
876 1000
286 387
797 699
45 438
396 928
518 255
198 821
216 759
968 806
842 835
494 54
289 535
869 106
484 968
66 699
697 217
591 765
468 251
584 357
806 484
40 707
935 192
705 727
890 605
260 870
285 779
568 217
311 783
721 333
586 463
216 307
271 377
294 938
418 589
619 663
398 884
403 542
260 893
373 788
188 399
83 675
818 786
396 712
647 342
630 215
210 738
981 311
697 992
19 716
714 37
790 171
951 417
314 806
426 828
719 556
396 256
880 995
718 455
996 749
119 846
375 736
551 733
921 16
900 516
249 893
28 970
395 457
343 503
971 950
703 631
238 180
745 197
375 518
422 637
349 947
498 463
372 468
559 864
618 492
939 243
37 74
702 516
918 705
51 658
518 106
168 906
815 732
427 247
599 117
160 810
806 433
256 509
920 788
479 171
815 589
52 159
56 90
564 242
433 848
325 706
4 937
596 707
498 994
29 490
587 256
368 506
518 694
776 81
649 165
635 28
247 850
639 636
950 970
666 544
630 273
743 530
191 699
415 759
678 187
238 642
222 7
792 778
226 218
979 392
389 644
818 822
505 17
92 567
454 426
187 749
27 900
490 342
328 389
398 541
225 3
832 21
376 401
943 771
356 943
107 483
474 994
847 423
580 546
653 170
749 961
679 922
131 640
861 650
44 359
997 583
893 656
158 747
895 376
163 51
951 58
279 633
319 444
112 970
819 604
815 258
591 203
571 15
111 830
992 56
60 431
950 160
289 874
540 993
699 163
101 197
183 307
106 365
569 659
471 55
681 893
774 194
388 537
116 214
204 289
349 776
815 771
211 859
757 543
220 539
830 324
566 322
661 438
78 536
885 904
372 893
692 284
30 671
199 252
290 568
367 570
856 541
53 343
458 949
833 243
63 819
708 661
360 571
826 696
169 219
297 46
467 410
31 741
285 533
173 532
672 413
529 260
765 806
434 64
631 861
579 702
598 398
454 406
572 301
227 536
266 744
49 744
816 40
965 810
583 367
804 360
733 286
182 524
862 418
998 256
188 149
705 485
838 187
822 604
250 194
770 187
2 81
458 772
464 152
417 997
32 760
126 200
182 302
827 167
258 374
354 157
836 831
670 774
767 833
236 911
315 601
167 527
426 647
375 680
452 183
502 276
390 149
366 917
882 658
441 322
315 361
483 731
800 337
158 993
864 142
862 905
901 519
802 77
262 67
146 552
262 978
582 651
828 111
659 410
517 600
65 521
229 790
513 933
316 766
400 4
459 238
276 936
830 499
377 617
564 315
416 59
324 988
301 353
994 744
848 761
428 818
857 160
397 317
554 384
90 601
805 994
568 28
201 386
478 75
106 666
565 433
269 212
199 919
565 901
83 646
97 4
869 892
106 956
947 158
966 206
696 414
970 5
170 973
448 807
654 283
987 842
54 551
438 902
22 65
248 148
970 966
549 336
522 968
606 899
516 431
7 292
14 916
607 639
224 124
193 823
788 734
515 382
41 747
685 50
742 429
410 560
107 614
436 560
650 682
253 449
971 794
54 18
775 86
908 834
444 966
393 812
746 194
267 839
706 809
276 255
205 47
354 747
543 516
584 392
432 917
380 59
336 49
262 841
804 772
255 782
55 898
635 932
172 606
502 765
284 58
512 195
108 604
234 803
366 348
350 929
521 155
998 673
782 338
621 282
878 507
916 668
30 614
146 99
282 554
815 383
446 758
692 234
434 294
476 621
594 803
739 49
800 931
562 554
763 151
106 766
491 424
994 65
353 335
795 144
317 236
355 393
585 612
838 342
567 652
269 73
398 919
283 341
766 564
322 757
126 471
678 382
184 654
258 109
835 913
878 785
724 127
33 772
583 452
839 606
201 222
699 331
771 198
832 750
296 742
387 561
961 756
805 302
893 753
276 351
573 479
900 881
150 368
319 411
830 228
880 627
718 375
81 786
391 911
572 648
885 639
851 451
674 344
486 410
659 756
737 440
849 166
8 898
7 204
337 254
862 990
822 243
534 679
459 507
332 843
295 331
377 854
360 4
15 374
623 13
146 643
402 793
789 859
495 382
466 656
402 936
884 159
851 895
530 428
273 669
117 958
388 122
462 783
324 788
811 298
464 671
964 708
435 46
131 297
76 634
118 139
778 512
598 129
691 353
341 408
235 877
471 805
442 705
763 179
89 288
334 962
492 193
89 337
644 911
248 494
736 515
112 301
757 179
10 927
781 99
303 675
754 839
442 261
44 465
870 845
836 949
250 550
947 500
969 108
529 425
145 594
387 557
709 82
233 297
345 999
276 371
153 488
617 691
525 320
984 542
218 886
54 952
419 365
186 96
868 580
997 824
690 656
432 224
396 523
768 126
81 143
157 338
343 11
772 785
129 817
959 333
707 252
284 603
39 137
803 746
720 369
320 879
385 585
939 46
175 555
741 150
949 121
556 813
596 770
962 244
830 75
379 42
180 41
366 276
437 403
522 892
542 379
178 566
216 381
865 848
956 521
204 230
453 77
958 459
619 705
247 128
907 827
222 454
558 668
351 230
578 166
364 115
459 769
23 384
578 217
430 386
14 381
397 75
425 770
738 166
865 284
993 327
41 818
338 372
639 198
439 406
814 198
211 111
912 58
269 883
897 650
294 151
665 545
979 114
233 372
288 851
679 78
405 4
228 697
357 795
770 91
127 737
384 257
607 683
612 775
774 498
110 398
391 70
49 171
324 123
896 364
309 713
36 439
257 422
132 822
103 457
620 693
181 271
375 969
978 264
43 179
651 944
284 703
176 272
837 581
987 120
42 377
613 238
907 667
671 450
929 167
915 76
293 520
55 953
591 539
741 138
217 870
532 235
368 726
498 841
643 652
385 887
406 603
911 902
18 51
346 676
863 409
166 123
325 346
976 307
649 147
167 294
953 737
247 868
326 557
353 433
338 679
142 355
329 440
628 772
445 498
283 475
503 572
550 447
446 439
610 138
458 111
520 254
205 823
352 341
83 487
502 495
503 834
70 163
515 50
273 451
572 161
849 737
774 813
597 722
429 192
288 768
272 133
864 367
383 265
679 972
471 209
957 746
1000 691
853 553
54 838
203 311
783 963
254 137
606 674
628 414
993 815
119 789
817 121
367 475
318 698
337 220
465 39
30 137
324 72
729 902
159 303
444 967
375 941
418 21
214 469
198 942
474 398
169 692
609 270
565 331
253 80
211 933
110 149
238 78
722 491
416 378
603 757
523 375
891 273
30 325
108 605
513 701
532 143
209 486
251 47
109 69
99 499
563 416
891 127
347 737
331 36
648 226
557 878
852 898
671 201
873 681
973 766
230 901
50 279
235 785
622 735
787 902
633 741
313 787
260 782
139 727
305 675
770 943
952 950
991 383
792 863
579 323
340 419
583 161
624 94
550 298
114 880
504 172
644 714
993 504
885 58
979 406
5 880
568 996
554 731
3 339
520 583
205 2
395 237
275 947
244 84
185 930
183 251
650 764
853 815
359 423
720 519
404 474
635 756
983 182
161 251
381 256
823 681
826 255
207 244
521 587
233 793
592 848
593 41
132 435
190 201
39 785
584 308
582 867
307 943
894 593
143 221
494 323
920 790
575 254
741 194
355 923
837 831
930 371
332 441
658 265
17 663
819 469
494 413
78 732
599 458
251 184
228 17
142 57
255 656
66 340
791 660
23 270
960 830
947 906
95 136
874 845
891 889
572 404
455 752
102 551
44 797
80 750
835 878
359 404
217 395
109 621
685 538
984 419
303 829
987 772
192 295
808 113
516 322
809 216
757 178
886 478
527 578
547 511
771 148
97 79
150 51
634 286
871 31
654 579
887 985
335 866
396 294
913 596
978 324
475 359
385 19
379 643
399 630
276 483
405 193
160 652
322 86
788 262
491 654
789 449
521 645
974 105
297 985
577 802
233 987
290 114
533 54
43 342
371 837
484 172
68 803
253 377
251 27
835 67
428 411
431 532
986 477
398 327
290 340
474 233
167 62
780 4
777 862
315 779
707 29
964 500
582 847
108 534
678 654
660 909
388 200
963 820
655 138
893 427
773 59
133 156
118 458
356 299
947 712
964 682
344 307
478 700
611 343
665 851
928 43
576 695
502 371
174 682
235 840
476 598
19 219
188 204
616 413
635 427
249 212
389 874
717 641
540 158
100 645
946 229
395 617
433 318
253 661
736 689
164 186
902 610
828 129
611 787
7 496
750 985
819 510
107 48
921 402
782 609
936 177
221 89
832 994
213 693
662 122
295 583
757 424
949 853
887 821
453 503
736 253
858 669
558 426
651 142
968 448
846 401
552 287
236 792
975 263
392 668
341 743
513 148
767 929
258 521
208 356
729 886
932 44
469 333
846 131
168 806
941 661
64 887
727 132
306 908
608 372
293 934
366 100
225 804
393 16
267 571
626 872
669 188
483 153
178 761
983 348
747 403
556 786
341 140
179 289
768 258
329 716
274 55
826 632
935 174
721 358
133 240
56 638
816 574
13 922
549 568
17 351
476 788
204 779
104 399
57 543
668 9
136 394
584 776
434 147
861 536
165 1
807 598
166 346
313 758
904 911
45 555
482 135
992 383
588 839
919 233
207 299
136 744
355 508
123 520
16 334
144 147
786 350
899 5
828 165
539 58
667 225
282 1
49 266
766 617
468 308
749 613
550 670
409 130
282 432
525 84
182 409
936 487
149 832
153 133
62 983
998 459
529 802
894 156
187 703
168 454
889 892
529 947
533 795
827 50
811 713
116 171
375 654
768 644
880 728
954 179
461 929
262 146
872 826
393 705
376 903
959 442
45 435
998 283
765 100
677 962
34 68
823 836
793 273
285 117
488 127
52 352
734 35
39 170
646 86
613 1
280 363
836 352
248 265
418 457
882 226
384 729
435 814
62 311
172 600
375 99
855 181
152 303
34 665
129 651
95 864
995 302
354 442
963 780
344 380
517 237
908 196
519 201
660 667
761 606
668 254
173 696
249 434
32 152
235 643
900 25
829 429
66 955
400 363
53 687
296 172
23 459
62 439
361 970
857 973
732 719
179 249
824 262
521 681
683 697
499 596
83 277
174 956
821 731
771 42
993 398
259 222
705 306
287 244
344 982
897 651
600 135
927 292
127 896
490 19
421 975
999 406
920 445
295 527
131 566
253 129
385 167
874 95
380 772
16 901
82 378
712 29
555 441
10 126
713 437
487 774
517 525
241 436
313 39
186 287
647 510
394 352
859 124
623 159
243 467
68 750
17 628
362 124
143 220
368 640
212 610
542 498
191 224
69 936
161 437
359 973
330 580
898 240
630 731
422 60
243 753
707 350
835 277
219 561
51 290
716 16
40 561
887 89
71 108
347 716
764 379
896 508
113 271
941 796
596 428
502 155
825 304
382 637
588 824
101 987
279 850
162 817
920 498
125 673
465 896
301 282
434 957
243 839
993 426
304 401
876 289
278 997
300 869
177 246
69 32
452 952
714 471
346 667
510 114
511 415
421 995
206 331
813 417
651 458
547 269
954 265
920 409
918 164
576 267
760 216
957 898
548 161
306 564
382 304
382 283
665 75
707 960
357 199
160 653
323 971
414 22
609 294
577 768
391 770
753 969
968 131
417 131
626 611
849 128
142 559
352 942
219 392
974 264
133 872
65 546
618 350
397 931
579 73
656 974
826 498
612 391
608 280
545 397
726 155
712 501
548 859
935 133
416 398
191 405
894 812
53 340
60 560
479 430
925 256
585 699
757 593
95 94
577 203
47 155
620 303
624 810
566 653
895 897
356 665
947 22
482 245
537 790
22 862
377 127
575 951
500 371
83 461
600 33
943 179
678 388
348 831
831 946
425 546
583 505
783 715
810 489
404 1000
499 298
745 582
302 160
12 213
903 692
54 154
182 301
940 889
465 287
528 123
607 661
666 153
685 203
633 362
372 250
393 603
983 938
769 144
99 831
82 435
58 819
237 597
54 53
993 995
7 129
300 397
764 938
86 666
12 537
289 996
453 697
937 816
901 661
707 218
252 229
879 56
441 914
8 555
669 266
859 627
855 35
802 429
620 122
312 161
522 60
462 939
644 495
11 597
318 42
601 910
138 948
485 603
839 380
843 889
575 390
105 712
469 55
507 876
289 401
847 774
902 589
855 615
751 566
772 105
908 537
341 350
142 353
861 171
682 378
95 195
580 929
209 836
381 598
982 729
273 167
155 135
755 345
585 990
624 52
40 69
639 228
406 231
362 227
839 631
661 28
55 132
67 913
249 819
326 857
694 485
343 649
550 633
755 761
2 931
993 188
278 796
944 280
192 477
249 668
529 946
822 345
823 48
313 308
694 756
352 147
724 939
400 633
811 601
573 666
647 247
686 363
746 190
929 502
430 677
841 93
453 524
866 735
873 49
216 844
470 833
436 849
204 277
741 458
190 320
119 426
360 43
512 440
346 66
533 478
755 162
276 873
726 481
226 677
858 217
401 488
399 109
369 444
711 403
392 245
892 108
748 760
251 944
983 355
561 676
511 610
739 967
865 107
248 938
264 911
352 856
425 156
728 483
247 213
194 451
855 922
14 110
142 35
859 479
143 270
538 436
683 781
761 605
423 526
563 467
40 214
933 205
518 601
278 402
38 28
800 158
364 181
653 847
363 119
550 473
424 241
5 604
690 212
283 342
14 682
2 242
240 841
995 715
580 699
192 236
102 419
283 711
891 554
218 944
183 934
480 151
177 201
675 342
22 467
723 66
245 266
249 719
340 754
694 449
589 661
475 285
722 807
7 410
580 488
89 127
900 771
405 171
651 143
266 227
413 880
414 59
662 269
993 954
760 923
209 4
559 876
564 698
413 146
569 740
944 476
667 714
298 818
377 859
622 355
470 220
402 788
590 253
901 382
224 566
868 999
760 744
776 14
358 897
683 58
251 479
838 858
569 584
876 828
534 887
522 839
852 706
8 810
265 502
803 882
143 509
249 476
52 953
199 58
938 934
264 137
874 824
657 854
450 716
536 356
645 317
412 688
910 179
434 88
2 436
75 854
369 629
904 840
407 911
874 730
191 820
35 548
946 78
553 176
374 736
884 476
54 738
880 805
329 33
940 519
813 271
830 695
317 576
525 411
31 214
814 580
383 707
365 948
831 895
779 272
200 345
357 996
254 116
663 354
956 488
230 205
93 859
777 640
297 846
618 42
837 332
110 390
543 510
431 816
103 567
585 268
452 381
348 446
78 211
190 393
773 502
223 579
3 922
820 951
894 736
643 918
668 458
627 423
170 236
206 550
363 725
34 879
787 407
38 815
185 489
280 467
134 466
63 456
928 335
488 342
146 388
790 933
243 716
672 647
251 233
288 93
952 52
716 53
547 767
13 965
852 78
290 790
611 422
482 14
726 981
940 128
558 530
479 335
562 753
653 774
861 931
457 293
511 126
459 659
852 154
966 230
288 537
897 503
115 686
121 1
709 640
237 830
932 161
240 657
410 151
374 716
13 282
514 257
64 286
136 955
123 829
539 746
816 737
953 656
898 19
610 297
594 866
576 505
979 996
652 6
249 647
309 677
201 356
590 718
150 319
718 633
390 494
789 535
91 277
382 308
560 828
922 447
137 605
564 860
105 81
345 738
197 897
188 323
521 679
370 375
152 62
25 816
654 921
589 272
976 859
872 284
621 639
508 88
237 886
541 414
264 694
746 396
983 489
911 380
200 488
43 82
734 601
801 98
252 452
898 1000
556 780
248 911
782 378
195 700
169 793
464 715
946 579
378 129
548 975
645 83
4 109
96 902
830 209
796 449
981 75
412 474
161 606
734 653
479 274
869 902
653 729
855 727
625 226
553 349
539 286
443 677
120 534
429 906
502 192
469 505
84 32
636 597
421 759
675 968
23 135
157 945
914 568
386 225
153 794
546 835
213 742
641 637
936 175
942 133
514 811
725 491
343 648
490 76
645 858
25 65
297 740
694 405
953 541
127 646
348 209
521 993
98 904
962 853
651 133
381 23
72 15
827 421
920 321
738 728
297 902
121 714
716 987
510 500
629 610
176 160
432 826
731 190
436 850
163 954
241 334
206 892
580 73
877 761
289 112
931 417
368 535
851 758
377 815
375 204
717 530
198 847
660 976
42 491
868 83
685 515
411 690
268 793
105 393
103 946
342 110
610 758
440 226
647 715
248 939
782 342
820 141
878 511
721 320
873 541
269 274
587 283
716 125
80 487
599 400
434 290
986 983
143 702
200 960
956 675
722 957
762 894
912 441
718 925
476 536
406 311
28 381
889 713
628 906
476 399
774 994
520 157
263 258
260 920
706 760
504 832
250 300
268 387
841 327
770 861
532 812
59 270
847 345
463 32
429 144
931 850
942 54
853 601
729 555
857 542
219 629
914 687
864 270
936 139
390 660
546 726
283 996
50 809
362 87
979 533
519 745
206 156
914 361
391 122
46 956
345 824
431 950
6 855
462 437
31 416
968 26
289 89
650 330
357 50
621 805
358 725
505 775
949 990
751 358
761 316
572 635
276 40
685 820
690 970
929 258
475 984
630 908
688 247
581 628
825 962
437 396
989 719
413 435
345 357
422 419
960 838
8 371
601 596
893 388
768 349
308 14
492 291
984 386
800 878
931 669
967 786
750 230
471 963
1000 216
424 658
869 764
782 221
752 454
71 110
18 118
971 164
776 86
80 451
557 847
373 834
72 609
877 178
71 255
700 749
402 360
395 753
982 663
415 754
308 578
421 429
45 625
464 832
946 252
340 83
836 659
196 626
516 333
990 156
495 550
44 574
45 787
407 876
637 985
17 576
287 234
92 338
809 366
760 508
154 189
873 76
231 953
912 97
586 152
179 610
239 402
561 334
712 443
600 276
659 969
724 893
211 290
430 512
474 688
707 962
250 887
676 17
567 118
382 360
771 597
167 836
168 702
962 524
664 190
96 448
246 886
154 736
229 108
103 647
259 883
426 224
372 676
446 231
910 566
569 368
294 299
756 706
8 640
88 622
251 906
802 502
706 792
703 42
501 590
119 179
302 657
747 926
76 70
942 865
872 253
252 376
22 643
223 6
388 489
269 346
951 770
592 379
406 669
762 839
246 476
752 369
374 432
936 263
365 595
155 189
212 58
162 851
643 128
311 310
353 228
546 973
47 360
374 805
508 832
951 710
19 779
560 753
565 222
364 847
837 235
123 847
549 167
589 890
435 635
992 780
337 441
887 897
249 789
903 956
774 615
851 48
961 688
232 544
84 705
128 875
435 793
168 636
291 748
408 139
816 312
945 100
874 2
488 985
339 408
828 695
621 860
879 356
789 76
869 158
858 417
620 704
989 533
280 227
197 674
219 406
349 871
307 635
109 315
146 711
882 253
555 161
350 575
723 382
989 393
565 426
547 581
366 325
756 597
299 380
333 165
434 477
901 87
460 265
887 146
688 620
895 679
881 29
331 60
276 651
744 674
175 116
929 592
629 174
832 261
887 289
84 178
710 282
18 789
36 829
379 398
481 474
83 378
230 767
529 116
359 473
749 721
944 192
532 777
478 93
515 54
956 220
98 308
460 947
465 607
54 683
129 256
277 376
465 744
762 398
340 728
185 537
93 992
594 839
633 155
289 141
197 834
688 954
534 451
244 483
680 789
763 921
766 40
237 678
647 241
244 274
121 713
177 367
609 364
591 308
371 913
944 215
171 52
828 953
930 158
362 583
534 527
612 458
231 444
480 885
911 192
661 489
100 181
467 650
433 814
674 868
215 580
588 533
361 515
717 770
421 197
739 854
134 374
800 946
142 696
434 336
234 974
612 191
796 38
249 439
625 60
753 967
311 555
772 79
386 670
193 136
861 633
273 240
75 172
701 208
919 153
106 522
112 183
629 382
978 582
795 4
32 615
691 87
838 474
476 319
828 68
259 195
163 479
404 563
386 194
979 65
202 362
520 587
794 118
750 879
837 184
44 458
20 754
223 917
779 327
102 18
274 825
770 414
665 108
495 193
225 421
870 23
319 810
727 506
693 518
970 795
660 433
25 894
564 789
211 615
845 371
203 663
845 220
681 779
918 616
902 429
911 401
567 307
347 148
971 980
39 250
719 628
895 726
102 606
967 606
364 561
989 718
829 921
260 372
427 237
428 578
161 473
927 459
806 427
313 262
333 763
601 603
104 157
964 547
217 930
623 238
646 339
905 91
707 323
375 497
855 971
787 91
981 913
51 340
622 960
75 106
868 293
959 974
374 58
284 214
531 207
18 902
420 822
78 962
93 804
800 188
192 44
688 993
838 439
660 642
361 488
598 471
965 816
325 145
456 704
477 118
611 734
672 708
412 967
794 930
914 513
25 286
251 334
537 438
174 185
358 170
378 604
804 80
845 700
991 898
867 688
542 740
118 618
727 696
379 790
909 907
270 939
496 830
560 899
478 866
429 294
879 722
755 800
441 296
387 974
854 916
215 234
755 977
428 369
341 688
33 359
399 272
203 670
333 44
710 464
941 685
889 644
450 328
416 472
401 660
493 294
332 868
962 55
635 517
104 987
926 146
358 976
622 381
968 868
588 437
825 989
272 939
350 576
441 996
650 208
962 350
854 336
214 243
455 255
864 548
246 640
872 111
256 769
366 281
290 52
906 408
545 200
160 734
199 139
496 210
539 534
639 649
17 256
963 224
672 36
360 688
321 827
776 337
373 71
268 501
308 982
383 50
865 279
960 13
240 955
248 271
616 449
359 5
130 101
849 891
739 877
151 281
64 481
338 256
466 461
323 620
123 846
455 903
131 853
245 351
799 290
801 957
645 389
888 445
689 188
766 418
345 966
185 621
24 301
477 493
171 590
135 43
798 505
339 500
766 13
306 727
806 932
441 324
349 723
777 674
375 599
54 322
547 961
440 652
595 788
873 90
746 232
396 955
946 971
906 120
889 672
987 127
54 298
593 228
223 417
573 966
641 475
100 444
836 264
51 720
233 725
897 388
96 715
170 206
981 646
322 5
980 928
837 866
217 873
998 703
640 337
234 856
781 960
424 732
665 898
47 858
88 873
910 540
169 168
743 882
943 284
325 533
421 2
355 258
855 721
969 514
499 692
2 459
131 245
796 225
669 621
800 228
468 82
19 584
300 635
672 302
571 528
793 526
478 510
207 164
712 365
467 11
362 351
839 995
832 83
802 695
609 167
240 526
494 389
335 177
470 664
63 427
571 367
898 245
757 61
44 293
474 710
92 57
475 163
105 609
331 903
794 309
79 301
635 871
943 660
603 687
710 641
732 912
570 284
666 473
140 630
592 587
591 311
827 140
518 246
404 434
465 196
5 110
911 301
162 252
574 553
885 808
655 808
608 387
347 425
440 117
739 635
705 575
498 791
371 607
403 472
497 469
78 602
264 946
891 133
181 851
511 764
238 796
351 7
722 665
47 894
235 758
716 127
95 2
51 263
481 682
208 686
136 475
839 387
199 992
851 950
467 621
722 955
541 277
445 416
766 860
735 591
329 351
516 53
28 383
620 385
857 977
452 531
108 173
291 919
255 430
773 563
888 569
814 289
706 758
339 455
642 366
951 664
516 363
404 589
277 441
887 554
892 860
514 340
733 320
454 840
255 140
496 879
866 867
969 122
475 481
353 716
244 34
139 150
343 686
514 118
733 98
275 950
955 40
104 548
266 799
254 174
812 912
176 96
129 190
591 154
298 543
704 566
372 428
660 289
163 971
437 232
185 135
760 781
318 677
524 496
357 385
565 748
881 527
896 289
431 157
919 282
354 649
741 491
722 50
986 450
612 280
760 747
66 420
599 114
242 165
962 234
30 682
33 134
766 813
194 435
786 847
604 714
290 926
826 572
791 546
574 950
722 893
227 41
998 982
583 828
806 229
256 641
246 502
857 19
105 790
355 379
881 181
296 253
575 697
958 307
620 342
568 329
933 127
978 920
830 969
615 589
875 288
287 438
805 53
938 598
559 122
980 45
892 753
72 546
308 866
559 491
357 527
947 333
876 285
791 67
127 917
93 5
701 838
6 644
505 741
201 252
888 418
135 177
282 359
875 876
269 555
719 23
131 534
779 354
177 749
841 957
715 852
186 106
773 391
474 289
456 236
868 721
119 585
428 370
712 61
978 183
570 71
402 597
760 644
871 559
962 448
696 529
972 710
4 560
87 956
33 64
752 856
346 57
426 223
977 233
595 710
564 447
934 281
590 335
939 181
632 577
28 465
47 976
821 185
109 119
518 363
63 346
107 40
806 182
882 776
229 703
32 85
450 700
406 659
283 68
526 128
86 395
714 928
939 625
248 562
834 329
875 383
32 819
70 927
435 302
681 202
113 440
575 781
766 999
949 53
236 450
737 739
165 842
991 690
403 829
80 862
563 91
212 171
767 411
92 641
843 507
629 422
11 685
598 611
490 452
330 365
442 291
371 379
62 828
67 594
84 860
286 496
775 589
337 456
870 242
710 779
968 374
897 942
115 239
465 428
284 864
304 110
184 619
695 18
978 300
55 499
797 574
621 858
517 687
275 716
320 931
580 193
286 76
857 307
471 464
992 313
16 751
208 135
445 614
483 271
394 292
626 869
845 453
919 834
367 897
425 394
265 81
801 103
363 690
904 376
647 736
246 749
66 31
873 917
198 512
497 441
906 445
601 771
730 217
143 310
648 791
576 719
557 772
887 29
249 409
1000 703
89 64
218 612
758 362
281 248
523 781
156 978
66 148
210 615
976 345
912 495
253 707
468 800
810 450
598 429
801 653
253 692
469 631
59 487
481 73
980 101
614 680
434 833
589 907
435 552
684 929
711 259
26 23
600 176
124 822
322 906
841 138
951 341
138 281
750 849
35 172
185 543
37 518
242 536
576 472
443 211
528 91
92 814
154 917
271 638
917 40
573 662
599 666
73 684
771 687
663 901
963 183
391 838
73 573
682 597
456 294
702 528
168 775
243 333
464 110
651 978
821 430
487 878
132 772
54 311
256 378
519 219
741 71
872 394
930 246
345 270
897 487
912 613
28 965
869 483
428 751
967 922
125 595
21 904
337 547
925 418
461 107
809 665
242 352
226 893
613 895
91 589
977 620
905 287
778 535
391 768
601 136
913 260
222 384
904 961
498 728
1000 554
361 828
967 478
787 908
916 872
375 960
222 162
848 765
545 563
412 590
235 53
274 619
176 549
528 266
800 495
899 501
885 4
499 377
154 164
616 775
951 441
511 486
831 839
651 421
762 416
563 689
413 554
680 371
93 256
921 111
408 342
229 258
286 347
713 205
508 479
58 410
404 130
336 712
279 706
593 811
271 594
680 401
862 953
516 160
295 360
190 368
928 891
980 684
663 937
208 289
190 401
542 842
335 712
233 882
492 745
590 86
186 246
355 726
85 534
214 378
643 958
437 393
521 395
833 604
353 9
695 542
698 302
293 714
831 78
65 891
298 221
983 259
695 655
898 943
702 495
242 309
596 868
281 983
817 773
454 998
166 42
556 614
469 235
915 257
576 567
703 358
796 4
669 818
49 905
484 552
635 389
456 996
843 240
992 662
596 280
409 434
407 907
523 930
545 735
895 189
991 750
385 647
54 761
559 490
157 886
25 284
532 950
960 193
762 341
249 894
984 711
827 147
719 97
612 389
74 942
317 717
897 833
36 267
205 684
261 746
888 18
539 740
695 9
145 885
662 178
811 532
270 934
219 225
475 27
572 683
846 62
663 604
135 487
309 400
937 991
750 15
43 332
209 100
500 621
963 143
328 694
113 640
789 791
684 211
816 859
229 250
323 381
90 144
808 987
953 22
739 549
795 759
480 832
134 327
584 342
74 908
94 587
445 803
730 83
641 713
682 222
895 652
130 908
645 123
671 403
136 5
981 947
947 895
290 786
700 541
98 235
505 219
766 257
843 15
868 426
541 476
448 53
196 947
101 9
476 451
991 300
60 130
304 596
303 878
261 723
127 170
202 127
243 888
645 575
79 791
814 350
874 589
710 223
679 848
258 44
456 790
717 466
500 239
598 608
603 822
789 405
557 769
684 589
710 694
985 474
231 990
197 218
845 606
645 866
119 921
219 841
784 138
767 841
144 361
328 22
515 266
954 310
442 2
387 927
872 152
931 218
594 128
298 581
978 227
963 333
746 71
732 22
509 939
918 935
794 753
209 55
372 485
323 59
984 799
694 94
628 214
115 445
634 867
164 446
52 394
396 772
879 71
424 785
850 715
564 493
159 325
234 676
156 653
207 991
997 281
488 295
414 563
734 964
717 138
649 442
668 498
820 324
763 566
144 403
294 834
852 518
869 672
928 222
489 812
532 464
701 487
502 58
952 835
701 344
278 395
170 256
209 814
410 749
781 480
892 485
31 629
736 885
148 995
757 929
555 442
799 716
412 756
434 28
279 907
438 636
149 519
79 890
629 581
745 890
815 54
726 727
748 123
259 232
351 630
248 301
526 302
16 467
640 913
956 223
278 55
378 547
714 409
119 972
12 246
529 804
235 263
608 891
326 978
6 988
667 946
10 403
67 734
402 268
604 495
288 997
988 78
257 106
149 44
244 494
393 634
466 864
874 101
4 595
346 442
336 380
750 547
950 33
935 695
37 968
370 151
947 232
513 123
362 563
181 157
493 347
20 29
352 329
849 195
941 755
871 630
266 338
15 282
825 938
474 56
55 613
946 942
233 695
968 958
440 119
225 971
545 404
854 414
622 170
760 709
924 840
63 268
622 21
39 279
497 420
761 759
579 802
117 871
104 322
933 871
437 616
296 372
955 999
406 745
835 605
105 824
235 889
970 508
200 964
644 125
256 854
334 895
316 222
812 827
84 354
585 643
292 343
386 780
633 655
942 745
134 986
709 546
231 290
213 819
966 147
952 957
535 362
629 379
525 144
685 501
47 444
218 778
80 972
740 907
757 72
965 123
841 165
624 307
733 463
71 744
547 279
920 387
404 796
570 335
491 522
450 953
577 909
931 146
860 20
664 823
884 146
529 482
565 633
106 382
803 428
570 417
898 616
975 618
941 326
46 922
379 331
894 382
113 667
333 406
65 600
124 509
555 349
85 390
358 954
677 595
513 658
420 716
20 390
425 338
597 426
251 131
915 403
169 853
227 43
709 851
549 762
1 164
274 392
723 715
111 144
728 371
911 884
715 95
807 647
169 119
631 963
759 142
173 551
409 433
737 149
819 122
714 876
159 922
559 4
446 839
838 453
434 951
295 890
150 91
524 876
33 847
784 897
468 362
184 801
24 566
831 789
44 457
596 110
283 599
253 861
701 693
851 24
407 140
162 271
224 60
625 98
923 532
250 768
254 200
220 424
441 301
766 45
742 109
323 945
382 364
851 487
525 602
294 415
695 302
629 550
725 807
851 596
101 93
447 33
859 33
343 240
115 337
209 244
849 685
531 707
952 364
733 697
57 72
927 161
665 649
260 363
790 616
405 654
140 597
582 838
971 393
42 431
178 607
360 774
591 813
722 716
87 578
539 491
812 989
562 904
522 453
599 487
752 717
740 644
113 348
927 875
789 107
830 832
389 973
679 412
769 89
856 435
710 306
430 396
1 698
204 595
64 198
396 189
240 775
856 209
585 608
273 479
136 977
249 936
858 966
88 490
496 639
979 122
769 407
301 26
33 964
676 58
311 65
866 664
353 843
379 823
568 786
636 944
611 724
979 856
769 458
106 587
861 260
976 562
573 624
450 393
432 132
513 237
627 251
662 462
332 933
428 452
742 152
229 59
727 300
76 418
663 976
997 38
535 424
907 258
733 620
563 124
669 260
690 865
786 608
806 615
642 732
775 408
892 34
730 901
507 4
35 439
830 504
669 38
929 921
804 787
436 191
910 526
904 201
464 704
111 234
769 993
57 951
367 860
596 524
691 304
549 690
127 410
98 140
485 904
658 106
911 684
952 819
112 48
524 583
411 134
244 844
218 644
718 821
131 7
994 37
633 867
819 434
933 390
628 546
790 369
629 279
260 560
49 259
253 547
698 656
143 869
790 224
370 833
368 689
394 681
639 115
107 418
642 427
348 904
797 845
27 613
374 604
657 688
70 325
935 963
431 325
774 583
701 765
685 152
188 912
763 812
893 853
824 836
325 281
898 355
332 747
781 665
645 730
603 672
693 983
551 640
127 530
534 438
644 318
361 222
183 397
372 506
73 547
38 575
59 752
284 667
980 872
59 609
797 467
564 450
108 966
750 493
91 816
399 107
664 408
60 801
196 347
303 399
824 222
623 214
427 505
136 224
65 782
674 864
126 945
878 384
271 210
702 82
75 66
208 673
597 201
688 667
624 793
930 696
909 390
536 543
131 325
259 408
443 599
411 245
655 286
397 227
829 766
810 277
283 447
951 612
53 729
633 339
404 729
576 890
908 793
144 246
842 21
532 809
457 113
644 803
573 131
477 110
961 929
31 875
145 924
97 59
188 854
486 87
988 269
507 804
19 948
611 526
499 488
546 391
690 387
638 341
72 886
202 761
261 756
776 680
335 775
92 24
348 178
441 272
594 182
561 7
313 621
396 536
474 328
993 640
817 238
158 38
915 617
2 594
85 675
416 432
650 425
600 1000
103 751
569 351
697 146
108 480
618 117
704 838
501 708
278 405
765 355
53 167
401 462
113 964
169 954
903 116
170 133
924 830
290 554
312 974
424 520
612 121
192 612
929 833
307 853
256 533
999 500
246 346
13 987
730 159
783 139
706 388
238 537
917 525
668 72
31 664
639 503
195 806
680 646
398 969
227 665
842 602
545 620
435 324
640 238
782 738
876 137
549 61
623 908
865 376
149 687
876 989
158 567
527 586
936 604
932 26
735 727
656 718
225 138
710 937
136 706
585 250
101 80
55 202
791 931
245 744
231 773
163 61
770 463
720 814
37 732
428 79
289 759
295 441
72 112
54 32
23 767
798 163
836 114
91 45
552 585
665 283
388 515
150 742
355 624
392 454
87 25
785 965
881 552
879 45
475 827
3 896
725 907
247 343
102 638
967 574
214 247
958 150
190 124
561 632
925 503
159 803
971 281
476 921
527 940
631 275
354 381
66 169
564 216
726 591
39 734
446 292
229 700
268 572
173 372
658 935
790 665
592 368
80 420
173 761
299 578
127 982
982 325
765 843
416 870
18 518
457 350
679 415
834 324
653 768
714 830
777 511
60 156
748 17
633 823
818 931
306 143
861 863
865 132
222 779
460 900
444 257
528 327
631 395
609 190
749 522
328 314
311 211
681 260
707 758
728 827
382 92
73 110
641 309
606 719
556 416
446 397
564 939
253 66
720 665
146 265
500 685
229 425
105 91
432 133
401 842
642 776
517 684
572 585
840 419
405 862
229 58
676 767
422 691
333 460
831 349
834 595
963 109
621 633
108 844
976 224
523 245
119 332
5 262
399 22
4 678
80 68
322 1
621 667
400 956
459 152
167 171
151 550
963 792
506 341
415 893
108 641
806 326
812 563
62 214
299 640
69 762
591 945
902 580
796 479
627 657
435 113
900 45
153 672
784 526
964 916
269 202
175 224
783 481
752 225
240 981
973 416
387 400
973 109
834 475
88 169
22 236
689 135
301 347
891 519
280 618
577 276
260 704
71 776
583 801
184 986
713 149
286 467
384 375
41 576
118 598
31 37
35 62
606 683
20 842
186 190
847 135
483 656
103 407
784 263
607 775
663 529
133 614
998 128
820 672
76 624
573 772
82 289
817 338
985 912
747 529
345 625
11 603
448 388
96 397
963 73
102 695
730 836
954 780
994 817
320 672
856 786
11 453
693 225
734 791
186 613
995 457
725 560
69 956
30 690
255 897
420 682
661 500
4 809
242 268
208 900
263 824
803 863
164 727
769 595
731 934
829 707
596 690
820 644
218 468
458 327
759 55
83 590
798 593
89 417
779 127
199 988
421 34
633 540
784 618
936 309
169 426
614 788
425 816
563 246
636 512
912 462
872 867
278 247
249 5
827 938
899 105
205 978
848 655
939 856
942 457
447 917
281 408
783 667
572 94
538 346
26 118
582 99
399 839
847 69
280 757
228 747
162 745
624 388
422 831
261 755
962 768
957 374
880 621
24 361
29 744
211 765
656 286
305 320
162 459
825 633
96 331
629 991
758 765
335 548
466 981
836 464
712 5
361 185
183 400
9 469
7 198
180 650
471 405
57 449
55 730
629 753
191 10
