1000 9893
985 541
318 417
566 194
932 1000
661 310
22 379
209 287
432 570
952 449
346 976
897 448
376 324
777 186
138 996
512 185
677 593
128 404
972 19
518 387
748 420
482 259
997 416
131 993
223 40
902 637
229 777
815 436
636 215
618 806
756 402
51 347
948 203
658 996
740 277
725 423
216 137
865 556
312 668
900 485
946 359
268 383
382 613
717 660
39 1000
540 179
638 752
377 107
529 422
622 627
844 537
991 346
540 290
806 428
213 582
641 925
453 924
936 79
349 6
213 704
16 29
434 772
254 413
255 172
718 524
610 429
278 597
353 956
745 594
84 777
842 232
330 518
353 261
921 223
392 907
449 761
989 853
269 551
231 661
234 139
860 75
954 128
385 155
116 235
764 559
15 521
915 535
43 304
285 275
33 378
202 847
223 571
3 882
501 570
973 294
384 891
522 177
138 166
568 874
170 942
590 288
819 711
354 536
394 415
544 598
282 273
39 507
405 765
551 28
368 307
898 202
467 585
178 556
658 354
424 372
960 582
99 50
448 362
621 105
640 616
435 20
539 410
796 107
486 577
503 445
30 823
326 414
516 122
661 895
866 227
160 585
340 14
531 351
2 403
331 453
869 845
692 970
921 955
342 711
808 199
628 968
365 734
277 396
539 41
796 952
620 84
795 926
89 548
509 499
805 166
115 548
277 509
975 202
813 731
799 408
214 936
857 559
2 212
35 295
339 522
426 872
561 275
164 602
912 67
596 536
236 627
58 383
711 226
616 977
490 226
129 472
2 838
884 54
611 726
449 827
840 180
775 982
7 104
210 158
751 311
510 451
132 719
152 5
135 452
177 726
552 550
537 150
573 848
722 362
975 556
160 911
327 749
898 468
57 505
935 498
683 349
920 953
432 627
941 651
613 101
483 128
446 20
393 104
112 836
584 373
215 713
164 813
381 545
592 928
467 756
821 153
899 547
536 871
901 81
425 168
264 106
237 435
679 348
442 941
369 891
369 944
189 176
728 446
428 948
412 465
640 628
880 329
843 95
240 232
347 780
799 824
356 726
620 267
639 569
506 167
531 266
165 8
263 276
355 406
446 547
303 926
624 989
472 410
588 888
813 541
317 846
744 582
250 275
291 847
878 913
519 847
757 192
919 81
614 587
782 731
879 861
878 768
535 33
579 293
500 206
303 621
549 325
166 799
949 498
279 468
429 71
474 592
37 514
301 141
185 908
931 480
595 217
542 944
101 288
339 407
825 604
1 98
721 723
103 682
720 381
270 646
989 450
774 246
389 284
305 288
16 688
626 931
699 853
171 476
744 298
707 137
695 385
733 590
920 917
150 798
579 120
621 749
994 929
521 311
904 393
958 220
686 815
602 170
877 788
215 749
532 145
18 414
467 656
56 789
17 673
345 44
825 250
644 346
117 63
556 638
15 219
888 367
269 783
649 181
744 885
563 475
472 88
455 369
131 327
518 593
453 417
959 545
486 521
144 970
494 140
682 326
394 348
834 397
654 160
749 286
554 796
667 87
779 945
637 861
899 399
175 372
583 155
948 564
879 768
771 21
221 502
810 565
761 161
85 726
570 770
658 897
823 473
58 725
352 506
261 976
602 883
638 456
106 185
857 615
574 842
516 630
387 570
137 851
582 243
70 423
453 293
25 655
353 881
358 864
659 803
272 505
569 39
143 710
112 855
167 857
686 399
345 547
626 628
698 89
768 289
449 525
995 349
920 456
161 241
327 548
993 668
320 798
962 453
670 18
789 597
967 596
256 346
354 629
217 827
548 729
578 260
544 668
213 303
864 703
878 51
646 283
7 645
184 228
109 31
991 129
117 564
445 253
193 76
377 671
815 496
621 388
198 479
970 396
326 11
126 42
652 752
951 932
950 793
130 710
238 543
957 243
498 760
969 800
288 390
221 312
991 308
923 60
691 8
363 75
103 307
516 165
610 72
993 304
316 451
62 555
504 867
412 942
490 346
684 982
710 6
805 786
560 603
758 786
830 703
10 628
732 889
453 136
679 910
334 389
652 26
649 185
413 919
202 539
920 482
283 886
413 955
859 663
328 77
563 479
77 366
707 971
873 471
266 143
802 845
380 801
733 867
231 287
797 710
76 441
564 839
115 421
444 897
266 481
382 329
555 301
367 251
152 456
371 764
869 69
817 490
214 154
854 962
99 710
461 467
941 585
708 852
485 477
214 245
731 413
520 79
867 846
868 225
373 525
462 886
433 872
702 104
995 254
777 439
866 369
829 379
758 259
61 977
687 781
523 740
502 237
66 841
892 477
51 39
143 767
12 658
585 600
986 569
97 994
437 847
939 645
482 872
134 929
528 680
156 745
126 395
383 56
519 874
926 888
691 149
819 456
508 863
605 295
959 857
454 285
59 335
150 122
153 774
675 919
440 854
862 313
594 971
944 742
727 741
606 802
352 17
785 603
441 477
704 341
297 769
344 874
951 131
310 9
556 305
719 871
485 61
984 884
113 582
833 845
67 405
402 690
84 270
594 414
423 72
483 421
101 126
263 419
267 932
786 716
824 487
56 849
940 325
708 825
30 453
364 631
475 694
494 150
171 145
123 248
868 54
392 81
856 598
530 491
55 848
260 104
463 611
857 172
910 422
34 621
271 360
790 712
95 20
939 434
448 375
989 813
69 649
770 700
832 493
635 464
139 855
891 842
977 237
473 670
791 839
155 225
680 832
210 755
174 942
377 147
657 449
641 964
835 190
42 448
886 284
692 717
89 944
777 179
246 672
733 24
534 107
623 199
245 686
988 74
789 151
183 232
386 394
854 871
410 516
641 137
656 308
585 402
876 663
699 118
516 832
594 96
447 388
486 490
258 995
335 755
323 27
641 162
181 153
973 77
738 818
299 34
552 508
357 504
5 109
323 168
806 347
159 566
551 880
399 199
772 611
938 375
394 523
172 963
345 945
450 61
693 239
414 896
454 733
836 983
703 26
336 188
855 847
147 116
117 942
564 227
251 56
714 688
659 17
547 55
42 245
835 505
28 32
359 566
160 104
108 374
868 141
385 985
652 850
639 591
126 662
145 149
643 402
276 720
283 3
178 215
682 327
23 477
905 508
572 854
528 609
66 544
89 321
880 84
221 324
377 657
615 692
143 45
178 57
491 194
439 418
903 531
338 307
303 659
774 772
265 596
550 138
438 344
42 168
14 973
145 897
899 265
724 242
727 685
453 292
52 868
537 273
276 355
46 333
207 605
935 625
183 204
366 918
965 332
672 891
68 28
489 481
253 8
438 442
846 39
480 748
392 606
104 712
952 847
885 442
401 784
827 310
811 973
585 435
559 887
926 46
4 602
756 327
974 314
243 300
850 764
82 658
546 5
233 774
15 378
933 707
226 585
585 342
638 758
787 386
166 274
347 395
683 53
649 357
152 651
155 764
946 341
801 34
470 439
899 749
238 851
359 965
783 103
587 686
679 150
296 453
541 209
28 4
610 707
420 942
791 681
226 909
366 810
491 499
485 547
716 232
41 32
425 897
632 999
30 872
410 356
457 304
700 340
620 483
236 468
992 538
573 51
746 537
122 124
41 851
153 809
485 459
624 196
128 633
454 321
866 769
727 704
400 781
936 879
617 558
961 684
945 231
802 616
803 129
434 612
625 895
920 483
780 183
747 300
788 666
550 777
93 850
483 682
45 207
926 360
431 842
231 740
901 534
217 494
650 278
950 493
239 94
685 784
707 232
928 523
879 46
4 574
299 106
191 40
29 925
894 745
916 395
419 853
367 875
53 184
256 470
665 574
833 428
815 628
265 392
251 115
56 3
511 557
293 378
117 40
179 383
364 833
772 488
277 982
589 995
247 148
674 534
714 603
94 249
347 370
314 883
286 943
969 623
236 26
577 114
285 665
434 117
847 763
244 940
464 804
122 448
782 850
490 300
257 581
154 455
434 855
515 962
438 951
261 902
478 404
795 370
892 896
102 352
435 579
129 316
414 964
274 831
357 958
801 12
715 520
257 144
693 22
622 164
245 634
225 149
353 553
256 118
445 670
786 698
604 213
716 575
314 295
383 705
539 911
461 357
216 664
342 488
800 334
475 649
904 495
355 847
69 965
643 778
455 216
544 709
247 90
29 131
820 178
126 921
329 761
789 633
173 824
446 372
543 942
803 821
695 867
330 789
64 569
567 651
502 63
907 851
660 733
623 525
293 112
496 68
226 949
152 784
373 770
855 750
880 474
19 480
131 250
125 667
760 449
631 903
591 967
196 924
435 272
829 96
558 934
524 722
320 80
430 21
857 879
326 154
308 945
23 158
942 432
268 103
961 586
943 974
474 943
291 175
424 327
409 56
548 13
219 913
491 916
223 953
337 302
923 547
139 240
805 160
896 469
932 307
57 375
893 962
175 775
859 734
36 479
383 992
244 282
585 354
822 113
586 933
303 628
771 661
404 458
189 844
280 88
48 404
796 328
180 689
794 333
879 497
55 755
720 639
261 336
936 588
694 942
362 591
556 269
243 448
355 794
786 576
109 279
263 676
267 673
773 215
523 496
321 184
70 541
878 388
492 327
167 473
475 120
484 675
359 561
367 758
631 69
890 321
268 711
35 724
400 471
881 130
334 832
652 605
464 974
800 168
57 680
621 192
786 407
494 862
351 947
136 288
714 885
531 409
770 931
109 637
554 794
45 661
102 462
467 191
382 814
332 793
165 780
87 801
226 298
212 233
880 819
633 93
841 168
434 750
594 912
666 5
15 330
619 495
839 738
698 914
646 594
889 805
375 758
768 716
570 328
935 624
457 945
521 772
993 839
704 414
49 239
486 260
785 691
203 524
368 288
171 284
842 452
451 60
487 938
642 975
293 769
37 919
261 291
501 942
472 732
642 555
823 701
661 194
42 658
149 414
354 640
447 153
929 138
132 423
963 951
668 28
626 167
958 254
781 671
985 316
824 254
678 745
695 645
627 755
845 280
316 554
78 697
743 973
941 773
195 639
364 862
865 839
212 730
885 431
403 47
679 358
574 8
543 708
251 293
473 867
627 958
496 396
709 624
514 638
680 650
74 441
166 409
465 876
338 498
670 793
287 447
914 343
952 606
58 917
735 829
763 428
760 406
979 244
951 356
128 634
201 20
813 261
926 572
737 43
690 53
405 499
753 354
983 664
820 238
33 541
784 307
695 7
281 351
68 113
954 126
96 362
704 617
157 293
729 970
854 654
16 762
217 925
199 460
77 944
189 598
134 313
816 800
302 815
285 163
858 103
161 509
324 607
218 198
626 203
350 987
367 987
207 886
584 683
837 775
531 932
15 127
164 667
80 378
284 108
108 296
324 893
476 772
764 291
714 390
57 527
900 53
118 224
709 963
723 603
135 697
799 726
32 842
658 146
627 779
666 697
903 692
869 812
1 558
684 805
5 922
504 129
116 278
961 621
678 934
505 281
892 899
253 907
453 217
182 393
384 496
516 441
554 756
370 681
527 731
987 538
976 616
183 17
224 110
866 661
315 409
957 586
46 657
103 286
319 605
15 840
666 236
616 297
500 874
867 946
97 865
307 535
569 584
241 527
299 171
227 431
284 541
682 467
929 336
749 499
660 224
936 648
205 61
1000 749
101 124
711 759
694 963
825 912
399 237
719 564
902 252
975 990
686 679
466 698
912 755
401 505
55 908
773 353
116 654
155 566
392 196
341 815
899 663
845 335
175 523
354 426
463 764
172 767
191 301
412 14
910 309
325 763
109 84
40 613
369 239
316 978
726 813
194 498
142 82
694 527
53 445
368 417
166 116
114 701
332 324
557 893
248 887
526 244
303 69
394 867
179 459
330 869
863 29
703 420
66 939
451 971
911 683
843 33
226 37
429 896
47 49
464 895
277 572
501 30
790 266
985 202
544 842
416 408
784 959
972 450
641 986
626 172
108 70
187 400
525 72
250 496
714 387
613 6
366 758
258 445
430 871
309 542
188 941
10 413
484 468
270 875
901 843
495 180
231 734
287 856
55 300
262 142
67 482
195 185
512 661
8 535
474 480
976 930
461 38
744 414
137 752
864 976
51 790
487 790
661 173
975 525
18 749
609 581
684 145
871 765
569 439
469 542
698 277
256 480
385 652
122 611
599 215
307 975
953 251
581 741
58 619
669 5
178 608
70 530
731 372
976 381
902 917
27 333
230 852
891 10
394 692
568 87
217 111
880 281
308 889
556 520
355 217
146 228
402 378
98 173
226 86
407 15
670 659
784 622
857 936
808 50
187 609
527 635
317 254
743 359
435 367
3 19
331 398
648 348
813 638
965 835
790 278
867 417
740 945
173 368
366 403
505 352
549 149
398 643
165 668
757 82
480 162
814 11
68 489
288 825
715 578
735 527
262 441
136 893
638 350
624 440
721 530
776 685
965 135
380 681
439 864
150 949
446 16
124 678
859 829
326 722
310 247
167 858
573 691
371 967
776 907
82 366
642 972
972 587
195 716
370 181
668 844
704 701
889 759
216 819
414 192
493 313
377 864
108 912
164 898
381 388
823 557
384 770
973 192
651 836
126 901
293 755
111 348
693 114
566 480
865 981
169 974
80 159
344 292
825 283
809 766
702 115
869 738
526 829
528 122
801 258
571 565
696 40
769 812
75 101
759 23
942 557
13 807
677 256
382 542
304 720
909 365
183 584
131 53
25 588
134 952
265 959
821 658
143 954
411 113
374 332
596 759
839 786
643 63
499 73
495 552
55 418
7 480
597 812
698 597
994 352
923 460
480 336
749 946
182 349
737 42
461 682
407 580
968 322
896 495
568 892
823 220
71 859
129 496
561 469
390 505
287 899
435 948
385 159
902 356
480 283
600 572
431 852
858 544
784 323
324 388
551 583
128 167
538 990
58 155
186 340
814 594
449 750
124 424
822 169
419 710
45 857
59 575
940 348
68 679
569 382
364 526
200 503
129 557
43 99
488 306
752 687
882 94
304 771
744 3
488 321
223 251
7 746
804 884
90 300
878 445
237 459
511 700
937 301
847 822
282 634
301 906
30 936
951 788
532 426
458 155
503 441
516 102
79 766
92 771
325 858
700 378
960 407
745 903
924 370
417 940
269 49
696 401
398 601
844 569
224 402
153 922
981 184
122 305
433 186
362 352
624 147
788 772
224 257
296 910
419 302
322 958
72 981
474 969
951 329
528 59
186 359
168 328
262 502
267 396
527 730
567 793
913 658
516 585
439 138
480 473
872 107
16 795
936 988
920 449
731 772
690 727
853 889
311 704
253 93
225 750
868 622
893 941
395 270
917 141
147 270
629 516
65 617
963 80
217 598
664 19
369 307
617 213
484 964
696 676
695 558
717 50
996 251
777 869
584 82
670 248
664 305
612 431
481 955
284 450
782 321
964 620
569 116
915 96
368 339
761 732
189 347
56 400
75 92
958 954
424 340
705 997
65 70
763 43
285 601
967 93
575 360
905 306
216 69
143 732
311 590
481 359
834 421
840 826
793 612
633 869
647 300
249 108
468 202
841 336
292 24
422 446
690 183
374 692
47 278
715 665
610 510
849 862
791 151
633 71
444 290
563 812
361 644
640 430
707 476
861 47
457 185
295 649
331 848
280 670
136 834
618 253
250 608
287 37
974 615
491 918
590 646
210 50
175 656
81 185
785 580
659 161
962 680
194 734
915 738
776 912
379 567
825 721
719 757
318 694
727 206
205 32
632 308
618 267
414 600
756 669
25 571
337 889
727 44
860 696
111 315
69 935
506 259
853 600
455 688
275 172
67 519
851 993
213 504
696 13
717 905
810 253
919 461
596 558
890 335
28 82
566 726
57 582
904 969
430 341
838 310
285 686
442 687
995 793
9 564
891 728
31 563
857 984
236 499
330 120
168 83
683 692
649 996
615 689
762 103
529 78
396 67
509 454
382 812
899 108
795 399
636 739
966 436
92 4
918 75
689 785
173 128
417 694
509 296
809 392
22 495
79 234
727 686
174 282
867 842
760 201
478 652
484 457
345 773
56 720
970 748
111 810
903 208
634 593
176 25
364 961
451 145
715 816
497 979
353 599
997 902
447 421
347 113
243 128
615 424
284 582
238 389
973 110
955 495
215 647
219 296
238 116
703 938
405 627
216 594
167 153
864 249
490 82
66 44
621 350
603 255
694 682
881 497
938 806
388 105
118 504
200 777
956 628
441 545
47 805
244 693
763 211
583 964
698 87
948 327
961 275
225 596
647 855
924 504
799 764
250 117
192 38
47 45
286 848
134 346
917 876
629 344
758 116
923 161
468 258
143 883
735 844
558 847
31 821
126 333
642 506
880 849
370 643
135 795
562 5
158 584
438 272
435 665
734 849
136 794
926 589
654 764
358 386
58 70
786 261
558 267
337 133
546 467
910 880
784 324
57 262
935 743
646 862
766 773
392 4
259 885
881 593
863 833
898 583
678 823
964 196
323 212
306 922
76 260
138 163
910 573
4 712
96 569
591 339
7 967
303 476
656 827
824 301
952 482
554 378
665 515
705 784
261 72
856 638
86 55
603 219
551 27
661 567
100 887
774 2
378 369
696 86
894 857
740 423
749 47
680 586
734 669
266 794
796 96
960 377
64 174
445 511
709 594
526 56
769 162
535 314
102 380
409 406
200 569
322 669
936 385
3 106
477 63
919 72
159 517
390 926
141 200
861 857
945 336
316 338
779 586
796 548
268 205
809 439
224 241
387 745
616 839
177 13
548 20
515 229
827 183
520 525
747 380
189 462
426 631
124 632
508 287
290 198
936 620
995 288
346 894
875 973
850 929
933 633
764 959
609 828
587 862
768 980
128 51
681 841
354 727
741 473
923 900
449 713
86 774
124 461
470 161
590 150
392 912
241 248
722 393
454 919
983 338
843 743
333 623
864 730
61 702
687 606
824 184
218 331
256 548
43 876
523 550
545 226
284 114
38 33
865 823
749 9
122 158
147 683
496 71
204 904
933 300
946 345
913 160
623 639
917 808
455 281
458 15
259 50
815 73
395 562
503 525
799 581
710 160
657 52
142 396
438 999
513 639
779 537
926 856
265 839
568 616
202 490
478 631
481 177
779 630
657 342
915 185
348 903
790 106
372 13
115 881
619 4
662 16
47 221
410 401
586 854
749 778
936 953
811 711
831 520
504 347
909 602
414 456
328 905
629 965
423 266
56 662
674 324
396 962
8 918
890 950
48 407
113 369
551 927
848 366
498 43
342 408
937 680
555 361
902 222
65 997
707 50
837 955
699 566
919 308
798 814
289 366
379 568
521 139
75 230
63 308
122 976
303 261
506 371
269 437
108 739
75 490
448 312
973 187
509 949
56 429
184 354
83 596
564 13
971 5
809 930
930 827
95 133
294 665
970 380
688 865
191 694
57 374
326 475
882 555
173 588
766 981
516 206
979 364
710 140
793 752
654 455
123 915
701 23
685 467
475 989
740 770
722 380
912 113
127 840
617 566
887 834
913 601
715 981
46 337
780 540
234 145
91 312
552 310
278 802
310 90
245 575
637 269
822 417
514 506
805 701
296 18
760 936
651 11
708 456
711 923
806 885
826 31
42 526
426 353
318 339
300 330
930 829
507 374
604 152
417 98
321 459
342 740
528 749
270 134
797 287
105 311
512 401
473 315
882 169
129 967
403 32
572 193
904 475
688 370
686 733
564 429
713 641
788 181
613 952
461 443
726 549
346 845
113 873
83 786
445 135
542 271
817 828
13 579
514 936
907 783
69 700
126 807
456 783
614 968
691 369
89 391
273 56
616 400
818 852
946 353
857 906
415 742
408 576
657 99
452 633
23 82
923 160
639 210
144 201
576 204
653 72
857 725
895 53
880 850
473 732
554 543
44 449
525 398
624 685
783 874
93 908
450 86
120 22
603 963
231 770
382 442
352 249
318 898
447 762
662 331
663 742
618 31
803 483
452 211
570 474
720 579
955 300
637 386
379 510
592 525
827 342
759 915
815 941
372 569
319 18
341 566
309 8
458 882
350 700
663 821
925 174
655 965
972 847
904 503
43 101
261 38
962 341
804 776
583 615
820 811
566 339
125 929
18 285
651 545
809 574
26 816
686 872
217 749
68 583
20 418
460 281
133 141
725 355
270 46
878 323
971 239
972 188
939 333
796 498
781 610
229 677
322 329
71 70
843 937
294 995
260 151
463 936
801 413
450 549
472 21
36 702
643 494
903 800
691 662
799 723
786 474
454 116
517 346
160 94
540 237
154 336
874 547
930 989
326 178
499 538
279 232
227 523
283 888
880 239
277 263
499 651
889 23
482 583
451 556
527 695
571 915
679 545
818 188
897 779
519 660
619 471
214 281
663 661
666 235
372 200
580 277
599 539
233 134
968 953
436 461
400 523
475 247
794 343
463 969
85 770
106 303
882 444
920 225
869 130
391 852
820 634
198 946
685 880
617 74
640 159
186 729
24 244
958 859
977 364
569 408
80 59
636 448
103 957
553 908
971 429
661 473
167 160
61 701
762 538
445 862
711 423
148 988
494 501
584 601
566 601
618 288
643 556
113 231
445 32
726 915
397 445
532 584
971 24
610 952
259 420
192 833
728 307
126 718
507 600
60 200
631 899
815 72
878 552
663 132
245 117
687 2
544 244
763 504
711 520
468 212
417 846
269 933
161 804
878 923
88 358
40 51
187 292
135 956
999 189
729 425
801 884
70 147
823 499
217 902
850 431
763 710
158 630
196 717
359 179
348 896
576 419
106 222
489 238
16 234
442 188
794 393
871 165
249 686
141 606
276 315
137 539
345 856
237 666
733 821
515 510
917 62
675 861
289 801
134 75
953 379
226 321
262 943
102 686
638 844
363 874
437 443
76 333
707 53
817 565
163 647
536 171
846 904
25 682
323 461
40 693
428 628
350 285
556 628
904 237
597 352
155 309
322 286
594 596
511 886
313 577
868 309
639 586
485 835
469 334
806 71
539 344
858 170
590 312
370 849
62 422
778 895
461 614
625 266
701 85
832 236
425 842
282 197
339 908
40 463
862 472
573 155
593 837
143 53
526 275
736 487
457 202
809 381
538 165
213 653
344 596
254 507
97 428
600 261
943 607
766 406
868 108
438 157
496 782
6 945
177 421
604 452
841 910
551 719
495 213
794 284
560 624
497 977
543 8
985 836
604 234
62 814
234 892
613 372
940 228
134 55
854 614
546 175
603 418
414 199
589 203
720 390
759 575
372 597
599 918
124 502
507 486
788 199
359 989
518 491
976 62
388 196
851 782
835 373
488 360
640 311
623 242
436 200
475 610
95 949
105 737
660 735
353 839
661 642
743 796
421 711
382 690
934 37
481 707
563 317
714 947
1 804
735 27
578 194
853 460
909 362
326 452
331 478
188 445
151 43
523 988
892 661
767 283
568 707
436 300
1 710
88 847
279 199
122 280
412 932
253 626
235 11
456 716
130 405
3 129
649 663
520 641
249 923
885 481
89 578
145 918
582 366
511 319
84 835
735 620
810 821
885 159
906 564
642 26
277 53
922 314
816 265
45 185
708 271
516 648
675 94
785 514
471 227
508 276
609 454
383 983
132 835
813 180
633 600
375 260
306 694
591 323
849 352
794 739
430 593
392 639
937 965
745 32
289 90
551 934
842 806
334 136
746 410
674 111
882 202
630 788
101 407
793 211
243 444
963 919
787 845
267 668
458 597
111 381
593 406
412 38
674 817
180 58
329 704
557 644
299 668
530 272
144 731
687 666
472 103
294 864
446 703
654 64
178 777
710 455
554 188
278 340
213 769
86 497
904 569
737 655
147 623
502 353
620 60
922 858
835 971
140 179
770 790
115 557
818 42
107 433
453 197
745 567
317 630
536 735
642 79
2 942
866 657
345 978
288 979
183 130
167 569
941 82
923 715
84 581
747 271
569 995
1 31
495 13
278 621
409 754
637 308
34 193
719 786
124 458
595 800
470 820
58 186
17 158
930 118
34 931
377 797
379 251
622 293
309 156
437 471
494 152
152 345
890 741
601 622
753 283
347 502
829 582
812 660
635 795
82 889
377 639
85 310
769 591
75 448
721 342
616 188
464 697
998 826
786 138
807 864
977 637
961 400
625 35
915 323
187 1000
114 520
776 27
100 587
600 912
189 600
933 171
740 699
619 954
377 443
72 647
844 713
874 798
942 330
639 260
37 344
990 182
793 538
296 990
683 730
581 411
339 96
503 813
218 943
633 68
351 649
448 941
157 820
6 662
823 355
37 442
790 104
766 379
624 400
348 48
666 93
371 209
157 598
989 266
880 633
863 727
63 924
432 202
777 714
775 51
559 1000
980 659
106 776
110 328
607 924
742 189
671 371
70 853
128 17
973 302
609 744
901 762
573 909
833 732
651 975
709 387
506 556
877 747
197 649
39 90
591 601
247 279
264 938
39 43
21 556
940 438
85 345
657 680
195 761
76 44
282 671
910 277
290 910
687 749
174 528
378 183
969 968
914 59
131 319
249 322
564 15
506 83
217 156
852 770
464 963
799 773
212 16
305 722
197 324
582 459
308 995
457 495
408 741
779 950
691 162
619 369
830 61
364 330
205 970
494 957
35 279
326 778
629 99
444 449
608 910
927 276
839 584
438 227
478 736
7 378
121 293
728 763
547 257
710 831
839 729
609 72
119 859
135 214
67 676
728 618
486 174
896 438
158 949
241 294
756 56
547 127
125 87
896 334
185 802
591 366
667 694
444 773
121 752
820 652
806 875
807 390
111 21
298 658
744 510
470 892
896 67
366 189
369 367
206 682
599 913
234 595
695 482
589 91
989 705
775 330
688 372
651 888
319 990
58 18
765 378
983 423
698 309
493 87
593 425
995 493
794 832
190 73
337 747
748 723
553 361
108 690
364 708
703 181
282 755
181 699
627 615
28 208
783 146
142 14
751 526
969 629
930 725
441 208
844 307
682 402
459 791
409 885
237 528
654 233
938 715
540 139
887 305
583 231
877 454
454 409
679 720
944 915
325 132
150 733
258 95
559 137
687 170
766 721
657 387
767 120
736 388
689 818
139 337
340 694
931 973
789 503
874 129
234 96
789 344
883 373
44 225
893 788
270 807
736 81
384 166
292 535
901 911
258 643
238 330
150 524
319 143
215 110
314 269
389 349
46 956
565 724
103 693
821 378
423 50
962 288
877 691
164 930
312 149
207 972
200 836
119 272
587 610
604 924
237 165
981 870
935 181
778 752
925 383
472 563
160 39
513 613
381 887
402 156
942 994
299 556
229 675
855 595
491 324
904 53
906 137
622 821
907 720
654 240
748 251
325 838
972 499
296 84
518 931
580 972
672 287
946 146
490 278
397 202
296 995
188 49
690 143
679 837
974 623
761 98
45 873
616 827
253 902
399 790
510 15
165 592
962 958
444 393
996 942
620 882
876 388
202 727
420 354
581 105
750 816
396 763
110 595
519 520
936 947
551 662
456 165
242 714
902 324
651 196
603 719
659 466
650 308
190 453
449 605
638 967
860 711
732 408
534 642
242 940
258 905
209 189
358 542
489 733
272 885
849 109
578 677
156 499
817 527
776 202
517 966
739 586
998 729
87 282
477 374
143 485
375 31
434 463
550 460
143 405
833 307
65 169
144 568
470 352
806 206
511 860
895 357
721 486
44 696
485 813
35 830
416 812
478 666
402 275
352 938
743 768
378 114
896 456
478 201
100 731
805 96
878 558
790 412
847 677
378 852
681 419
809 246
739 373
957 278
649 605
728 962
624 179
228 252
643 123
349 70
991 555
316 369
979 179
482 617
380 697
31 782
269 645
73 28
680 244
220 213
831 855
832 991
980 335
417 543
864 480
811 683
51 132
172 487
449 878
266 876
931 18
895 301
400 730
200 84
244 497
391 916
653 449
384 110
722 36
216 170
197 598
91 511
901 616
884 166
959 294
707 793
444 977
253 351
94 861
60 981
595 940
50 561
485 316
603 457
397 906
347 311
96 629
539 334
647 282
199 403
170 151
760 587
62 297
53 250
939 233
688 439
872 148
564 234
132 126
83 1000
464 678
484 681
640 697
329 616
934 63
179 438
26 520
133 340
970 334
249 321
243 199
783 302
975 979
455 361
536 617
991 75
523 867
753 834
967 437
98 25
120 577
464 851
339 801
47 464
550 457
754 620
482 811
326 248
383 505
139 717
98 379
562 394
110 958
680 65
438 614
547 930
867 565
300 882
466 390
2 996
476 83
244 55
390 647
687 503
693 886
215 502
480 389
387 947
392 871
211 279
103 349
90 588
608 897
135 340
310 89
441 286
480 372
629 738
428 236
504 378
452 250
974 99
210 308
48 39
642 969
457 661
928 587
224 610
449 517
72 316
453 865
851 562
411 577
42 303
405 639
137 497
800 671
928 452
530 520
867 405
659 340
560 481
247 107
982 250
531 910
829 653
320 419
295 41
726 255
912 871
344 297
151 467
591 963
43 681
51 162
74 705
38 108
387 164
886 691
532 514
458 243
278 334
575 684
777 381
49 534
856 418
52 687
400 184
753 878
572 422
94 38
338 492
744 631
760 446
377 114
931 513
624 29
60 97
38 789
502 394
236 354
126 370
535 496
244 885
5 817
515 124
455 913
534 187
884 948
461 677
318 822
84 700
158 735
949 752
514 47
698 944
662 223
955 67
352 252
213 647
842 499
2 746
797 557
135 74
953 471
845 865
718 209
712 42
90 834
617 498
594 918
737 489
665 372
8 593
924 711
546 177
584 100
712 185
967 675
521 405
243 273
122 706
963 8
270 352
347 383
208 39
522 890
661 450
310 528
373 612
7 592
64 702
989 978
307 778
118 472
247 252
32 499
570 639
296 424
260 3
743 892
943 270
268 566
431 90
198 307
753 40
178 775
290 934
145 86
826 967
114 629
575 704
245 237
446 524
585 576
342 621
273 170
193 126
772 132
442 611
30 291
944 801
173 401
800 325
984 482
782 853
971 148
204 725
28 555
178 504
469 727
625 279
274 935
259 272
741 815
153 782
690 31
838 175
260 255
328 292
475 439
899 313
297 623
136 939
962 814
874 226
125 316
676 956
401 108
435 870
268 546
712 872
834 225
163 848
239 165
756 113
803 961
278 611
798 378
232 461
431 887
684 532
567 427
534 272
831 502
360 401
638 964
441 344
171 491
744 311
907 319
219 487
937 688
243 493
426 183
215 255
364 623
117 801
446 29
484 848
697 65
703 209
351 384
668 454
209 495
887 356
178 630
160 213
143 404
556 659
78 763
961 485
815 390
729 126
414 729
388 987
901 233
668 228
911 82
715 131
532 587
355 304
670 697
658 97
819 35
109 769
218 283
420 892
331 267
408 796
720 647
285 643
894 946
281 432
514 544
696 451
878 559
779 908
852 206
479 620
503 702
553 111
37 326
438 671
316 387
745 759
237 84
874 405
514 322
978 375
743 181
980 217
656 255
468 437
953 851
880 925
844 824
116 487
507 383
728 737
487 328
736 316
2 944
810 779
278 813
891 423
394 167
741 463
292 985
756 38
885 454
310 798
319 480
289 693
676 807
384 111
516 840
42 903
676 694
627 160
793 374
171 326
535 404
764 991
640 104
582 584
842 749
764 846
506 554
668 516
264 834
262 829
48 745
270 344
734 797
698 287
772 762
924 813
645 878
195 763
160 1000
590 400
228 369
14 204
271 295
493 915
688 519
156 101
70 679
878 382
259 372
795 838
961 114
815 267
467 505
359 703
506 81
624 788
843 114
899 804
925 584
285 681
309 228
424 83
905 484
889 5
728 129
838 442
676 417
640 887
933 478
365 524
353 204
45 654
466 357
126 459
572 225
495 530
940 637
170 925
763 119
653 32
912 230
70 242
988 401
18 601
572 80
495 899
226 404
818 240
310 316
405 472
758 958
589 644
564 966
124 589
385 181
918 793
875 668
384 75
975 713
278 555
926 391
395 333
270 619
73 635
627 188
789 917
276 56
409 601
432 982
223 606
209 132
693 346
90 129
845 47
186 668
833 559
838 824
604 954
823 600
830 300
632 563
502 813
185 546
482 298
259 707
596 728
227 87
744 971
449 241
433 724
450 682
269 294
267 481
240 218
830 153
578 174
51 210
130 735
437 961
792 752
79 736
117 349
202 253
203 268
259 14
465 869
567 764
877 452
202 76
115 677
406 82
657 496
272 18
365 641
336 869
745 719
83 432
466 472
214 922
794 42
101 572
799 319
853 153
451 453
309 559
609 249
974 819
650 941
249 762
585 112
625 887
96 3
599 627
569 964
825 562
698 800
103 401
257 677
712 988
896 323
220 339
793 189
817 263
855 459
927 846
276 220
133 821
655 451
462 643
580 98
671 309
30 71
16 753
845 66
149 443
958 931
970 275
688 131
731 103
859 170
623 61
350 563
222 124
16 973
555 194
174 734
612 433
62 86
389 142
901 745
582 973
231 475
243 899
299 657
798 757
431 500
531 26
345 115
367 54
520 265
325 23
190 837
429 755
527 78
860 965
204 865
79 599
759 241
563 282
502 90
196 785
736 870
18 989
2 502
886 252
246 95
322 615
105 909
863 196
39 902
580 974
641 838
324 283
40 91
757 242
406 126
64 65
391 494
515 970
59 326
975 220
872 310
474 979
725 252
20 603
197 766
560 992
17 845
577 694
101 592
743 225
304 318
275 911
292 855
956 302
559 179
500 914
819 542
90 658
409 515
132 915
187 216
116 162
324 508
254 522
21 81
704 477
957 805
119 690
68 92
15 631
896 239
716 928
149 253
569 706
537 156
722 352
940 175
355 665
962 403
767 475
267 991
114 194
708 802
51 545
199 425
290 647
593 102
358 894
217 890
769 723
402 988
204 80
479 222
743 957
284 472
359 948
622 10
994 757
807 225
902 928
579 821
623 420
902 563
924 31
861 856
655 409
251 986
792 697
152 792
28 251
395 728
450 517
126 754
456 986
455 276
978 971
136 268
635 344
808 286
311 501
795 8
338 437
374 287
490 264
623 856
918 310
222 835
44 615
101 658
302 91
723 206
398 686
386 206
260 715
615 873
656 240
451 524
692 726
370 708
513 394
14 873
168 441
489 752
244 76
483 780
656 414
45 97
234 166
417 398
258 726
813 104
542 958
873 261
619 281
358 335
840 786
452 128
860 5
557 99
685 942
500 660
371 865
450 272
323 2
823 849
458 807
738 971
479 911
263 510
584 445
548 600
338 99
128 387
739 539
223 394
918 702
208 81
975 955
671 402
823 631
772 763
114 103
117 772
941 904
191 249
158 498
933 520
881 463
811 420
616 12
959 228
467 666
709 91
513 562
364 882
40 584
39 266
117 550
298 128
523 633
339 596
263 834
87 542
682 42
833 142
688 663
25 91
895 984
290 913
435 86
813 853
316 211
905 410
464 966
875 420
929 524
622 755
148 916
576 967
511 24
476 408
421 265
574 449
286 338
94 884
202 440
949 34
611 860
136 518
467 52
966 430
235 176
473 715
862 367
353 941
742 438
527 747
257 167
79 240
107 729
366 516
872 905
139 20
828 870
474 685
637 264
728 540
654 772
15 574
551 600
897 17
580 248
750 712
107 966
1 965
797 361
138 38
824 569
788 92
682 571
475 811
938 449
647 491
599 914
266 322
199 480
552 887
347 277
540 572
722 443
742 958
359 798
472 962
678 662
254 740
591 687
78 534
765 744
844 249
230 944
223 140
655 51
623 367
237 480
705 822
209 583
943 372
618 813
980 229
696 47
255 652
761 527
155 386
999 573
178 865
805 452
368 127
294 843
355 516
354 62
395 736
491 123
697 564
576 803
995 827
528 582
781 172
452 614
978 538
406 83
566 98
283 260
107 56
127 53
309 957
348 981
554 536
370 701
889 239
984 725
866 649
228 690
1 743
266 851
374 912
747 150
549 404
450 326
813 31
190 242
967 687
803 25
806 936
663 765
6 800
244 299
392 660
272 622
419 401
646 848
500 269
7 142
120 360
836 102
14 718
480 624
372 518
197 701
57 490
683 362
545 269
33 81
471 291
473 293
116 690
501 684
736 627
412 179
33 194
750 433
881 262
221 829
437 352
276 930
833 443
373 610
669 85
670 278
229 974
752 565
539 870
85 143
268 929
749 152
125 670
554 390
256 717
687 678
782 142
624 718
937 167
403 767
8 205
584 768
415 560
977 232
170 673
299 975
911 716
71 355
364 239
717 685
277 544
188 93
942 306
981 264
515 956
793 514
421 705
740 993
550 358
454 267
859 204
614 565
532 222
875 27
605 174
145 656
980 310
283 526
767 238
171 545
614 279
74 937
139 207
223 809
208 954
385 67
760 7
832 660
231 690
324 80
567 52
861 205
613 470
889 598
285 347
694 185
419 397
607 932
594 5
742 149
501 566
19 953
695 257
418 239
384 931
663 999
281 605
876 986
716 647
772 625
305 65
663 852
560 411
872 413
212 870
600 940
485 406
885 981
621 655
656 797
677 653
694 741
570 831
420 698
521 145
523 463
375 24
929 916
273 840
792 412
299 764
467 622
89 32
323 670
825 340
520 294
556 540
778 610
359 661
416 815
716 218
238 626
757 514
938 876
23 322
189 54
763 145
782 21
170 432
804 629
805 412
792 809
478 204
101 959
706 371
355 387
529 458
343 854
307 292
145 449
610 151
796 864
253 581
456 697
295 928
814 132
509 428
808 61
675 287
250 504
508 740
917 758
849 736
757 503
831 848
337 404
889 167
44 609
628 453
193 872
693 799
234 20
328 209
491 911
774 560
734 661
324 37
236 985
96 204
573 566
120 194
951 249
76 533
920 339
884 84
137 623
45 270
655 757
283 794
471 20
272 694
57 320
224 735
420 994
431 841
537 63
375 952
414 236
508 31
181 239
773 427
617 41
711 723
569 334
823 705
756 740
461 256
407 228
727 37
638 704
670 223
602 177
270 201
109 415
77 705
185 835
801 141
565 92
200 788
5 501
868 163
27 325
49 781
800 963
13 938
855 935
92 869
904 921
904 97
191 559
708 731
13 827
469 329
731 618
145 131
808 477
626 380
667 258
170 726
601 10
585 653
506 206
877 333
697 543
792 773
300 696
692 998
145 429
631 787
652 436
598 48
605 500
418 542
904 835
165 819
741 788
23 181
857 707
897 596
861 155
553 218
732 364
113 558
921 207
560 569
79 243
944 344
338 75
286 315
646 587
119 855
928 940
728 622
231 869
589 531
827 98
992 524
833 993
872 537
346 352
720 605
452 510
57 348
536 457
295 238
333 55
376 550
158 162
896 71
54 371
864 971
521 638
273 680
821 403
289 34
219 289
972 801
310 920
612 264
557 505
467 859
396 118
125 919
356 18
817 677
69 900
967 879
713 788
481 996
958 118
100 858
765 600
787 106
716 60
540 882
504 690
602 439
308 318
863 460
4 23
299 597
505 200
344 74
803 632
19 434
424 418
23 394
338 600
307 495
182 745
130 332
666 682
961 894
869 861
545 639
784 721
13 1
969 347
914 332
956 951
988 367
689 596
926 779
81 746
819 505
182 523
171 806
995 536
858 111
598 599
201 3
44 447
596 124
67 614
947 458
362 22
269 714
951 402
2 967
965 910
421 927
560 549
326 532
706 42
224 970
666 145
186 544
427 751
979 842
618 246
232 581
291 332
554 321
479 659
10 191
585 289
876 864
471 476
897 237
555 393
115 430
750 340
91 169
171 811
223 444
666 22
670 117
158 297
659 260
808 970
932 816
627 440
536 132
938 309
425 414
133 981
320 740
90 18
290 720
754 13
502 783
428 678
513 712
551 16
913 441
768 442
695 785
865 890
312 870
761 697
482 426
778 591
374 228
530 156
126 837
147 660
848 775
387 133
133 425
174 703
394 967
643 468
994 416
957 44
616 498
501 144
230 55
892 583
676 404
398 950
516 253
75 425
909 26
911 636
974 704
259 253
376 221
528 306
141 193
624 139
112 383
899 429
956 202
631 584
637 907
93 121
79 98
594 849
64 656
84 723
267 21
328 5
896 355
2 858
331 906
91 361
84 578
550 803
993 902
251 636
875 614
253 454
612 531
777 546
280 70
517 544
993 608
814 630
46 988
362 593
362 867
683 329
519 231
975 929
501 798
281 717
253 67
531 749
859 136
769 672
418 462
94 647
369 388
958 812
894 898
792 366
441 640
578 323
706 140
688 399
356 277
200 840
477 600
574 126
846 707
890 307
342 930
326 359
740 643
97 621
683 930
687 810
49 962
588 797
554 157
80 524
857 964
16 292
438 591
718 961
295 978
442 514
683 576
888 558
934 770
391 447
173 601
303 787
752 241
847 342
153 894
406 24
56 990
545 656
490 409
880 769
718 545
869 193
35 207
715 593
755 604
97 410
558 249
102 149
750 865
645 951
867 763
487 730
374 840
451 189
954 76
37 872
556 264
168 729
578 880
23 709
858 480
200 202
647 112
524 509
836 447
603 348
34 81
38 553
388 968
228 143
411 633
416 273
694 932
199 510
121 108
669 250
289 246
473 337
459 290
742 611
800 742
124 206
930 377
548 824
660 850
332 387
631 313
670 367
346 49
195 653
415 836
366 247
521 29
135 618
515 571
165 254
477 700
441 638
288 263
408 618
182 915
863 120
807 187
960 265
252 959
607 103
256 980
709 531
729 237
657 755
236 491
643 189
459 588
353 193
559 113
211 223
174 977
670 954
676 307
617 381
254 259
456 726
616 744
657 410
878 808
685 460
939 996
870 840
266 554
197 242
658 516
315 107
957 536
158 743
158 608
788 538
129 483
920 402
685 238
262 321
870 170
272 501
42 983
357 222
675 57
180 633
841 769
662 273
258 555
483 520
724 586
836 12
875 558
660 306
453 732
364 828
251 416
982 22
204 293
595 588
202 649
987 530
18 417
38 932
447 578
759 682
928 494
946 837
394 492
696 868
489 554
552 776
683 46
173 994
940 407
928 311
450 903
898 959
424 758
356 301
618 920
142 96
41 371
703 257
433 713
490 906
108 333
588 71
518 670
978 871
460 466
869 634
691 374
31 761
985 85
692 111
627 904
973 652
563 176
209 615
910 135
326 62
380 467
525 345
463 243
523 978
128 892
413 991
365 749
499 519
28 451
502 398
175 284
306 157
549 47
697 788
810 376
370 808
225 43
407 889
504 222
103 14
229 695
36 378
129 301
917 700
26 95
304 277
175 626
861 111
898 27
633 240
103 236
654 708
861 384
42 824
701 567
444 704
112 741
789 212
332 545
625 21
907 41
176 61
195 235
747 438
965 499
125 118
567 67
272 608
96 356
384 133
814 744
916 998
414 154
972 608
845 238
681 853
907 279
894 645
328 678
684 195
405 558
395 480
685 551
29 3
530 906
660 923
754 10
293 670
947 689
15 65
535 910
108 52
294 56
136 166
29 293
731 695
878 330
165 293
826 737
791 593
313 530
665 805
80 259
20 920
563 494
781 411
215 181
731 548
100 523
738 693
445 390
909 311
696 188
18 984
682 698
611 43
739 126
500 426
952 917
293 163
922 821
799 219
654 356
808 180
607 204
219 736
35 10
538 372
806 694
586 88
705 196
572 27
629 38
475 994
852 507
309 512
993 187
701 746
426 748
179 899
279 564
660 149
12 337
382 473
789 135
831 540
723 511
686 241
12 288
430 563
399 416
585 371
345 758
76 578
183 446
538 859
833 857
355 525
730 707
370 980
225 733
617 51
998 496
379 256
474 52
826 321
591 579
613 7
248 264
109 296
293 545
223 288
725 558
925 60
436 932
417 491
547 630
271 94
916 289
377 513
86 107
217 1000
184 223
502 584
973 481
243 700
887 127
213 92
51 369
513 580
308 320
985 674
62 339
49 880
873 678
56 264
736 773
939 588
835 655
587 222
330 77
390 995
690 221
230 738
291 890
314 569
4 413
154 46
365 817
966 399
35 353
292 144
443 4
308 123
926 979
763 735
512 803
783 826
932 64
55 147
216 528
975 818
577 663
887 886
727 669
582 128
876 485
791 396
82 94
654 700
895 296
152 743
625 828
590 524
167 731
693 575
597 673
399 388
280 52
300 463
416 440
988 892
555 579
285 853
284 635
600 876
394 151
713 435
203 621
578 531
81 73
251 889
252 22
398 358
937 656
510 714
858 618
405 614
906 157
928 445
199 398
716 308
972 910
310 557
4 648
977 800
116 756
579 244
252 500
825 148
682 247
585 87
815 561
714 676
731 334
114 290
317 417
928 10
255 661
535 551
937 364
22 606
114 727
575 294
943 450
657 861
714 132
326 320
255 378
739 880
132 44
961 231
763 191
462 650
730 428
126 749
342 574
74 392
511 93
348 908
203 69
545 593
32 908
605 577
752 59
623 776
790 445
66 250
999 841
361 589
328 817
110 976
628 533
386 62
374 745
966 429
783 745
400 910
22 117
825 529
706 998
84 822
209 613
40 308
404 957
390 376
482 761
175 718
869 547
325 349
48 254
374 826
914 957
13 791
385 137
812 240
480 265
153 405
335 901
289 697
31 412
664 775
93 755
495 67
210 305
104 820
926 395
358 761
931 275
208 274
65 703
858 372
597 781
988 759
590 167
920 79
172 772
543 279
416 318
843 633
181 114
204 437
26 949
246 536
747 777
806 478
874 878
740 86
902 845
405 747
320 521
217 951
270 171
915 50
476 900
892 507
886 603
227 202
963 734
838 990
89 237
454 983
825 289
672 117
756 783
733 943
97 571
459 956
481 708
677 310
477 816
903 820
818 844
691 486
682 303
791 899
259 114
652 459
179 811
1 735
8 947
72 596
328 446
775 165
679 863
813 745
793 942
469 687
834 409
986 739
80 898
120 943
136 948
447 524
490 97
309 555
515 240
426 331
40 272
421 925
704 215
353 831
476 437
747 139
129 462
771 939
63 589
138 276
174 430
529 621
510 326
239 140
42 968
760 93
281 292
45 195
710 575
896 263
384 43
479 546
485 157
287 683
617 2
974 354
146 719
823 523
312 155
61 544
243 389
445 961
686 769
604 922
627 299
574 870
562 854
872 66
798 878
322 191
198 522
734 616
521 203
270 54
825 317
4 102
868 357
389 940
236 335
416 774
921 815
528 903
450 573
382 544
209 834
819 57
613 113
532 658
761 88
792 895
852 183
198 97
93 341
224 428
939 769
230 342
896 776
89 566
308 790
793 688
596 35
652 205
980 194
802 702
576 95
617 613
762 390
951 335
724 830
714 372
953 532
185 898
232 419
345 836
533 129
554 330
2 715
332 582
982 850
301 957
54 31
437 141
121 362
298 709
391 844
911 437
932 624
43 155
794 625
335 659
689 895
125 891
661 271
676 379
812 365
798 936
945 596
233 331
823 623
531 789
566 311
935 198
445 854
691 610
624 527
790 874
863 352
991 191
459 102
392 45
781 557
982 406
969 981
594 820
518 724
43 756
43 517
653 708
805 409
916 870
848 628
856 415
196 896
874 527
732 609
722 871
967 266
602 929
168 159
701 811
482 611
521 791
59 944
797 861
597 603
451 385
604 329
771 850
168 445
742 507
444 538
638 184
140 771
87 733
44 167
120 197
671 90
345 672
417 371
680 423
974 9
210 330
581 873
589 334
458 976
681 771
730 676
436 432
404 333
632 318
812 165
228 137
859 780
472 635
845 6
593 53
3 969
134 365
618 640
198 688
146 279
254 716
303 37
5 208
43 933
213 285
488 372
290 534
699 702
540 762
815 560
356 267
126 929
731 321
695 810
844 32
826 567
367 661
654 984
564 103
179 387
382 670
717 959
721 452
570 415
636 817
599 447
352 588
114 551
813 849
761 480
911 656
400 338
520 35
635 376
66 565
419 881
434 49
532 842
554 782
991 343
403 790
746 534
230 655
657 15
894 299
168 844
211 78
639 182
107 481
680 71
793 872
421 535
261 962
867 571
631 562
121 189
563 786
931 982
736 366
900 344
644 561
666 9
577 626
281 45
893 664
241 785
527 956
171 618
853 854
695 55
816 244
689 122
983 888
96 12
492 821
861 348
76 564
465 926
962 565
46 141
935 330
827 157
802 29
911 493
470 887
932 904
367 245
464 60
752 815
414 862
426 136
424 160
164 772
116 542
423 869
564 293
450 901
693 71
289 257
424 760
743 961
962 104
835 266
41 369
518 269
96 996
613 641
709 834
888 795
688 695
434 243
734 318
299 999
555 153
505 190
639 487
179 189
143 542
516 4
829 75
615 638
528 352
467 246
912 281
622 514
992 535
730 932
295 916
724 470
743 282
870 900
265 821
736 556
438 932
478 421
54 764
706 600
729 489
813 377
460 999
230 405
953 654
92 430
850 254
743 73
902 836
310 396
313 749
258 747
280 847
922 258
651 320
391 69
289 647
876 701
879 750
215 742
8 889
734 914
524 161
764 574
328 970
561 259
219 96
58 174
868 851
521 141
617 85
769 529
548 525
369 268
612 344
996 255
511 396
52 311
454 647
492 590
591 542
264 799
281 871
925 86
599 35
506 734
751 996
990 612
739 932
686 96
967 715
160 207
261 267
511 720
129 708
995 159
796 340
155 324
82 796
75 842
574 65
276 652
711 216
554 21
131 380
829 397
596 616
652 650
778 940
446 566
231 260
583 51
568 376
71 351
672 158
799 619
288 559
271 363
435 432
558 414
494 909
813 699
799 504
801 871
676 373
970 918
806 915
957 380
429 195
325 387
805 905
239 461
805 377
188 925
814 953
197 857
755 812
872 965
567 48
276 415
149 151
500 701
564 810
229 760
414 101
223 767
872 739
543 456
911 436
589 314
426 302
802 69
984 244
868 484
946 952
121 915
327 371
897 488
756 563
61 579
478 25
857 412
158 411
532 140
248 933
142 943
923 854
626 114
402 104
187 770
904 250
382 592
264 25
854 98
711 303
75 418
950 945
41 329
259 286
977 705
311 588
670 528
34 243
456 880
977 646
541 285
49 967
486 540
255 465
299 815
36 810
259 5
481 493
466 379
467 174
966 52
571 548
329 177
101 669
317 944
636 722
784 939
433 211
18 623
774 778
478 637
870 931
282 392
912 15
936 133
407 528
46 464
893 755
344 752
220 67
885 351
98 547
326 108
994 267
802 933
710 858
343 263
291 440
76 642
681 608
421 805
140 659
508 309
349 515
867 986
381 308
124 261
949 980
533 439
110 336
42 528
314 349
647 109
523 35
462 333
600 878
224 578
890 815
392 398
933 721
829 896
665 679
793 410
91 771
474 185
241 146
521 288
356 165
821 93
898 982
60 673
544 766
397 758
899 524
807 943
5 497
344 451
478 458
825 372
150 807
412 919
616 303
566 685
952 881
922 585
602 753
805 444
143 517
443 281
886 312
540 191
101 991
407 112
528 607
732 727
182 688
273 372
662 654
829 151
879 890
482 802
709 673
433 366
354 617
680 953
681 384
621 687
671 741
840 575
219 554
645 758
278 993
675 335
306 470
126 175
201 244
864 276
251 956
921 211
447 635
984 621
943 168
926 114
537 483
3 475
222 749
633 330
67 684
339 467
275 571
918 787
885 420
98 950
859 777
417 286
625 943
926 393
893 106
529 673
567 489
557 211
426 343
778 128
508 63
54 375
370 56
41 543
835 94
764 872
285 33
161 115
270 399
870 648
552 892
534 572
961 288
150 821
292 806
34 407
210 126
474 157
886 558
229 520
413 270
640 382
398 98
755 437
647 533
762 603
798 643
134 607
30 553
553 604
259 752
795 907
541 163
673 363
236 149
683 862
469 36
305 532
213 131
696 163
265 94
643 508
883 995
313 725
744 751
305 613
531 339
274 664
683 636
904 895
344 876
417 502
685 196
921 540
630 30
687 205
197 433
35 418
724 70
562 425
896 733
575 873
762 352
563 881
250 572
129 339
595 64
463 304
215 287
385 175
288 960
877 248
292 904
314 64
798 502
29 439
894 95
932 376
613 445
231 735
906 799
779 487
693 629
536 304
559 936
945 844
807 418
77 65
81 6
119 675
394 173
158 130
949 189
147 367
127 701
752 844
787 319
297 909
557 473
7 568
212 958
782 454
820 829
592 948
77 820
8 261
764 82
838 937
603 212
532 344
492 365
165 337
790 512
562 807
359 543
221 986
966 929
502 45
758 436
786 46
700 552
421 25
78 896
122 240
947 961
434 148
520 109
593 585
44 859
761 415
407 75
838 373
253 715
605 534
933 15
718 815
666 650
795 34
66 634
155 254
459 521
814 365
83 485
784 767
43 337
412 897
676 374
605 312
625 602
933 353
438 897
831 938
409 433
279 339
62 833
193 534
620 219
168 808
466 600
604 359
987 617
495 822
666 78
775 800
690 958
12 332
24 258
775 945
874 124
474 127
409 383
470 978
487 912
846 105
405 877
744 431
695 420
671 134
871 621
52 502
215 10
698 504
310 826
739 660
777 951
741 462
440 488
817 438
971 633
842 835
629 697
354 605
447 196
621 973
759 367
744 220
51 596
125 603
824 425
882 118
95 871
329 426
492 337
312 919
421 219
424 689
541 250
412 434
341 20
311 700
155 464
861 855
126 869
424 495
248 755
924 388
641 518
719 297
325 68
717 763
259 63
649 875
562 700
523 910
343 877
217 425
518 903
814 286
283 338
344 63
430 39
205 989
963 901
792 277
549 228
680 109
503 981
790 97
831 863
509 381
689 882
907 512
704 168
469 982
614 495
596 110
319 408
802 930
150 482
867 844
651 139
999 379
529 555
159 368
165 328
92 181
702 810
3 668
498 380
225 540
262 123
157 335
841 65
699 244
607 903
465 256
580 17
550 555
698 452
366 174
64 321
86 825
747 657
971 613
935 390
665 678
314 444
134 355
302 769
211 812
506 676
324 629
769 640
845 405
96 764
206 625
359 833
35 64
266 942
133 186
678 860
415 832
697 471
915 392
592 11
739 844
557 707
653 516
798 567
640 689
94 272
477 696
649 165
463 965
408 771
504 522
530 224
126 641
36 617
630 273
541 480
302 300
231 510
42 841
53 646
57 707
89 888
173 577
374 450
965 677
657 124
182 689
18 686
278 729
166 510
282 203
853 272
639 291
586 445
856 804
352 283
67 662
546 799
325 989
857 710
70 245
844 964
3 316
633 111
409 117
936 866
314 826
427 617
50 976
202 535
168 411
277 39
580 448
780 130
729 734
949 533
327 865
976 605
499 24
530 956
537 60
483 524
393 788
266 106
839 120
492 838
718 108
258 614
236 211
7 650
536 499
974 261
985 620
177 927
531 696
768 6
18 413
347 363
946 833
777 753
748 693
17 595
454 552
147 48
688 508
941 998
981 841
413 269
108 683
221 836
114 276
190 961
659 58
809 745
956 520
9 785
657 941
269 351
161 702
791 702
170 292
766 770
583 952
127 332
723 589
340 251
947 21
621 150
469 473
991 292
409 390
420 2
72 665
139 618
804 360
496 759
813 742
24 521
761 62
310 275
363 97
686 110
175 751
875 272
1 152
268 450
188 221
358 446
451 232
548 218
841 848
237 711
385 234
495 243
767 935
290 41
702 738
573 746
524 758
696 568
710 589
384 989
576 851
684 40
669 412
404 372
873 225
301 632
105 143
603 408
475 781
594 317
579 403
906 193
262 894
569 393
181 83
453 990
122 703
21 762
171 165
372 802
873 771
657 734
217 871
643 799
316 621
412 56
181 885
937 399
204 186
423 920
91 200
605 962
921 899
919 408
8 100
118 323
359 623
327 205
545 678
236 9
517 318
27 46
231 262
714 812
442 329
79 882
425 895
62 612
28 396
691 116
915 170
142 444
348 657
314 545
226 373
359 51
698 651
736 458
917 619
708 733
115 567
451 537
767 7
344 615
163 493
30 568
20 610
120 974
173 60
513 423
162 719
235 271
628 366
511 426
617 763
227 867
514 11
258 717
150 946
197 1000
128 225
424 569
135 422
854 986
410 675
695 238
772 857
186 394
268 183
767 552
270 183
302 702
300 261
928 550
71 706
513 924
368 531
111 197
404 283
557 427
262 841
636 356
964 435
20 363
259 981
332 5
116 668
834 835
432 755
950 526
337 554
959 777
750 198
900 249
829 717
104 267
982 405
490 959
551 468
380 511
751 728
493 824
646 412
78 882
545 879
433 533
913 259
473 820
776 5
722 961
407 249
501 206
411 250
322 467
492 146
644 4
147 548
339 780
247 623
198 49
919 243
818 994
265 994
404 583
331 609
795 446
447 867
140 73
509 422
757 64
748 261
162 608
110 794
735 537
520 582
906 611
74 332
729 592
288 922
148 418
519 749
742 510
10 399
817 21
34 281
680 420
171 656
244 506
462 433
944 400
768 646
250 855
788 353
326 736
609 260
2 682
223 844
171 289
686 384
154 529
208 478
926 403
512 355
304 44
966 912
458 991
457 736
298 676
135 283
232 160
70 809
786 657
295 81
924 519
484 30
232 207
431 625
15 374
398 362
665 677
663 886
389 45
941 624
177 963
968 978
721 829
935 22
29 699
713 866
436 255
989 917
939 224
317 332
744 72
137 190
726 232
428 875
948 82
142 905
860 870
274 1
921 970
85 65
482 111
340 841
485 840
606 396
535 656
421 464
590 236
342 846
139 867
982 659
878 611
117 264
754 530
23 493
761 342
463 794
17 220
109 622
442 547
305 857
932 130
588 540
258 113
253 728
943 770
835 909
328 277
554 559
896 105
956 143
297 542
983 678
197 253
201 250
989 113
22 504
707 672
102 170
672 941
883 355
976 719
496 825
150 284
291 906
837 446
486 164
932 326
699 53
561 52
245 515
505 1
91 466
328 800
480 619
246 882
686 527
48 431
11 309
820 517
687 40
487 808
310 995
223 582
918 738
190 277
176 451
195 417
90 137
195 432
591 519
481 796
388 824
221 491
567 518
887 639
968 974
551 149
682 836
740 82
208 963
393 215
322 87
214 105
17 739
273 889
181 784
656 931
579 869
817 808
30 559
881 125
498 519
212 745
138 756
655 425
70 763
751 528
19 331
293 424
259 344
151 862
638 722
579 899
504 551
784 553
469 375
421 500
282 778
909 415
128 178
199 835
403 966
196 987
69 339
993 327
888 619
671 586
28 472
965 809
988 478
71 410
678 390
170 842
867 459
410 136
103 5
250 459
282 384
420 481
232 685
571 471
804 79
370 519
956 258
867 681
230 27
607 683
576 277
6 904
154 951
780 167
603 588
684 267
202 379
67 283
784 433
876 719
146 918
510 715
681 975
591 340
498 389
543 465
211 536
341 585
585 299
860 379
152 426
315 566
124 446
928 394
34 773
143 229
275 21
756 730
62 2
190 128
726 310
473 396
403 441
523 472
691 522
694 643
255 587
655 43
320 408
891 83
472 195
132 63
481 651
868 353
611 618
230 782
964 796
325 554
683 956
282 572
2 879
781 487
88 898
520 111
938 770
27 33
339 883
231 257
770 971
576 774
408 696
409 353
622 541
970 2
58 952
611 780
351 521
724 501
980 95
876 216
573 216
850 447
766 495
460 951
338 794
111 546
93 115
744 629
491 920
497 731
524 98
750 830
920 261
951 125
477 502
580 281
358 347
395 431
362 790
422 964
828 607
120 284
140 633
253 448
685 979
12 515
91 26
517 554
349 990
868 882
906 19
712 222
932 963
284 306
466 685
341 847
589 25
203 930
902 894
877 798
604 634
971 345
38 880
421 389
190 15
195 663
14 249
677 519
274 26
463 626
924 224
646 835
761 607
868 261
356 625
449 177
948 157
326 345
261 495
415 541
153 550
927 911
909 423
605 235
827 640
951 620
502 344
966 43
917 541
165 792
314 706
574 444
999 707
795 433
616 754
67 774
268 23
179 916
625 580
628 941
406 626
525 121
379 921
378 572
275 834
794 106
54 680
999 407
706 68
537 260
760 187
172 473
157 555
638 188
642 217
607 739
408 255
284 850
799 29
529 553
987 277
897 13
1 112
993 932
746 730
512 356
15 595
16 531
509 858
382 602
438 350
793 381
812 47
363 969
767 719
840 698
660 122
517 927
609 598
974 350
319 943
671 410
52 234
143 221
426 192
665 597
354 494
725 717
393 186
877 710
394 581
512 160
967 896
327 481
935 230
80 162
249 969
982 71
52 8
420 596
187 803
96 988
151 964
247 191
583 833
731 754
71 109
570 572
865 676
494 524
575 301
963 519
415 608
145 132
290 871
956 836
709 908
640 977
74 437
476 481
166 365
259 29
815 112
678 461
130 274
575 816
154 412
139 556
348 858
653 87
322 841
538 169
447 535
137 978
148 464
59 247
617 545
541 979
33 912
286 290
842 370
789 329
929 963
206 245
483 848
464 348
861 295
721 668
719 953
546 449
770 281
475 5
677 689
167 843
10 130
266 104
68 924
417 140
281 797
312 422
367 128
25 967
980 809
547 838
604 877
860 263
807 264
208 166
81 424
134 178
983 459
342 433
659 497
961 712
539 839
955 618
886 690
747 780
256 475
574 847
445 809
962 245
583 519
143 422
227 106
872 250
599 377
200 823
610 530
702 98
104 403
260 160
687 891
999 565
856 317
395 651
164 201
38 501
188 450
596 455
498 742
463 840
728 247
430 387
364 766
57 341
260 966
529 395
496 666
248 267
176 536
908 809
925 837
552 195
326 210
18 547
400 445
188 151
187 218
600 207
528 348
126 383
34 794
435 630
387 763
616 857
49 456
542 732
945 22
563 739
395 53
168 633
478 858
851 156
853 886
971 995
951 137
239 139
441 320
115 153
833 966
6 792
985 153
962 738
121 552
492 789
509 913
517 676
441 177
449 590
159 475
509 770
699 830
646 987
205 9
764 792
750 351
850 721
815 801
727 117
951 948
686 778
322 9
655 889
712 385
911 227
146 347
66 883
665 525
631 334
743 912
462 981
212 552
820 175
786 779
713 825
751 849
976 421
354 265
482 306
746 147
265 264
964 654
658 337
807 880
386 524
255 680
153 728
376 970
52 742
572 493
311 635
3 508
652 533
910 139
265 635
287 498
786 463
645 408
403 997
614 707
886 100
725 170
566 906
606 103
754 682
466 290
875 130
782 722
400 956
473 666
59 337
391 374
304 344
68 385
88 511
555 913
519 634
383 665
997 669
339 287
549 432
22 272
877 422
572 297
516 862
258 634
392 696
910 862
802 895
832 237
253 479
399 479
81 214
48 409
507 348
935 270
703 818
872 374
870 289
931 447
630 989
167 113
685 756
553 878
864 633
612 463
81 257
601 634
765 311
379 100
164 856
493 20
938 163
686 913
318 508
346 790
610 619
313 455
540 770
800 959
433 698
621 425
269 276
859 476
554 98
900 138
21 879
541 360
627 985
100 639
770 229
674 698
455 161
669 629
283 422
340 61
906 174
914 380
847 686
117 397
871 276
491 841
142 414
204 755
28 513
412 992
272 83
607 447
130 81
850 416
839 600
280 749
641 756
897 866
71 643
989 156
737 99
921 100
780 153
31 17
324 45
346 485
435 844
791 507
48 167
525 683
818 439
361 32
930 398
987 276
573 321
917 65
828 636
334 237
966 918
745 91
746 292
142 595
824 550
38 544
856 545
243 290
65 582
63 247
428 432
553 825
633 632
497 147
333 365
673 240
581 519
307 942
716 306
863 685
756 531
637 553
842 290
1000 69
331 817
820 240
470 441
971 324
437 672
259 576
522 838
635 819
318 253
622 47
164 707
956 615
773 87
795 931
786 571
285 301
678 988
312 805
140 886
227 434
855 556
490 544
967 54
218 595
240 7
504 636
1000 513
984 134
307 411
398 966
683 532
524 528
46 343
212 139
933 341
699 4
830 551
374 739
395 810
509 328
770 210
771 151
40 427
848 852
171 835
387 670
637 588
796 604
272 206
352 124
102 168
840 257
65 94
496 4
728 237
883 357
867 796
894 39
860 115
979 807
873 488
102 906
710 725
396 517
521 850
930 678
354 847
79 398
71 294
31 299
237 514
437 192
227 475
564 669
271 841
646 911
594 340
501 814
410 955
218 593
604 797
381 404
185 121
132 400
61 534
522 24
981 741
319 962
566 321
470 106
953 124
276 919
596 780
388 201
544 687
871 915
303 446
86 58
696 986
682 213
185 347
577 820
902 982
355 7
251 214
659 63
901 519
130 947
757 672
668 183
227 65
411 218
758 432
134 554
35 786
622 954
770 707
751 530
679 273
169 216
408 896
133 445
339 744
129 853
606 366
505 65
692 851
910 142
144 793
164 340
37 34
494 779
79 667
338 483
389 741
615 801
572 296
679 708
45 744
179 862
855 511
808 110
315 174
120 838
737 481
20 585
166 763
940 746
249 791
529 837
359 238
434 643
92 427
609 247
560 989
923 589
91 898
819 524
270 896
362 929
879 644
385 495
673 857
119 819
319 477
712 887
253 73
237 708
820 536
590 888
261 596
923 875
379 543
767 928
436 718
368 780
883 159
646 841
742 230
34 33
96 490
439 634
208 244
889 675
565 728
611 98
648 652
385 570
884 482
483 267
91 131
1000 801
267 570
6 357
29 28
285 178
983 351
989 938
686 890
356 377
146 753
506 330
658 319
731 287
203 230
693 135
373 538
247 241
907 968
929 737
499 675
182 931
610 934
39 602
984 207
179 111
967 510
515 649
888 939
66 967
340 26
108 78
843 133
315 789
169 470
673 840
235 85
93 175
187 278
335 406
229 871
193 633
856 167
535 41
166 660
371 418
173 168
912 24
197 34
384 147
771 239
19 914
553 925
106 236
838 880
241 835
183 96
188 922
505 522
306 621
89 843
897 950
510 277
573 553
757 316
372 222
619 311
585 491
489 30
426 521
651 240
580 170
525 597
546 262
570 384
458 934
63 845
414 249
197 759
189 500
745 155
792 41
632 296
6 39
142 743
287 538
916 458
258 780
137 756
599 109
582 773
180 461
53 121
237 236
953 75
402 835
722 632
336 195
510 38
809 516
425 371
243 532
817 741
985 331
269 386
735 275
617 521
967 188
915 481
339 563
858 741
957 613
683 922
613 597
264 380
215 416
361 612
69 503
556 455
252 915
523 279
843 208
832 740
293 255
95 295
80 516
27 15
217 429
157 997
2 276
588 763
934 971
46 353
227 597
690 167
304 502
109 681
334 310
444 306
747 43
486 93
730 596
533 604
793 775
392 1000
541 973
102 141
642 184
72 880
290 773
970 873
97 259
376 198
802 958
980 989
219 784
71 787
383 525
900 771
150 486
443 360
500 879
263 189
874 92
380 773
275 659
750 570
72 445
347 101
328 672
388 545
65 724
360 504
666 753
290 859
77 5
336 385
797 268
191 13
253 669
367 497
453 770
987 370
918 692
996 188
730 960
323 298
435 987
493 102
614 18
207 904
6 301
911 218
94 506
293 288
259 720
174 541
137 689
798 571
169 993
36 518
204 844
867 20
943 459
126 645
825 488
165 119
424 463
246 98
49 998
568 326
112 66
549 210
890 49
70 975
348 677
387 483
26 161
559 121
925 895
932 141
724 677
454 313
572 244
165 826
630 151
465 528
616 720
321 532
965 963
460 699
148 611
222 948
373 296
748 356
107 372
827 159
426 796
444 581
83 255
68 361
969 226
383 592
982 528
577 997
634 766
980 486
482 888
140 733
253 164
111 826
704 480
867 876
30 180
345 646
86 768
898 448
135 491
712 58
536 328
954 987
572 542
622 540
779 220
341 547
768 107
989 675
480 989
890 844
233 763
602 235
910 672
708 750
699 611
632 574
981 853
734 631
290 564
544 287
690 717
263 779
412 71
301 763
324 779
455 35
494 447
78 830
389 945
252 440
892 342
948 160
680 606
994 290
297 18
128 677
205 658
146 316
14 465
790 630
81 318
498 740
853 478
331 460
505 49
415 356
257 590
991 689
657 493
205 993
226 476
410 151
174 100
675 641
988 328
185 653
849 662
210 968
413 613
969 13
419 44
628 278
809 468
850 248
281 19
727 578
140 882
490 251
788 710
515 262
55 65
499 75
392 783
524 200
673 642
64 257
709 196
250 795
803 3
492 896
515 407
537 115
115 155
63 987
547 6
694 171
555 627
183 338
332 936
449 588
488 246
881 577
77 42
628 202
3 873
812 497
685 893
444 941
393 901
640 130
751 12
509 753
38 617
664 8
993 716
15 809
671 463
267 573
363 800
749 905
740 226
763 859
381 922
302 81
58 268
70 523
882 990
366 311
73 387
380 471
130 916
908 651
191 537
583 779
398 157
119 31
631 31
78 901
339 647
621 229
898 177
463 814
173 121
822 867
839 195
416 763
71 341
218 699
646 221
376 204
429 795
982 585
839 848
108 222
625 460
53 875
296 414
861 169
952 763
166 661
521 75
287 163
624 275
474 934
989 5
115 936
228 713
541 1000
177 61
729 632
348 34
206 128
44 299
12 329
884 3
758 620
836 174
630 925
10 263
810 206
475 222
257 391
96 169
278 639
449 959
254 795
124 767
417 217
603 652
521 707
298 716
779 151
12 574
414 254
931 464
91 31
822 430
423 116
885 697
263 399
513 912
381 490
480 901
924 942
603 105
716 264
589 22
778 423
260 853
256 96
226 894
796 438
888 913
626 511
132 30
563 466
109 868
702 670
253 508
810 153
134 855
175 9
765 889
296 174
248 615
190 590
123 697
288 466
201 791
276 53
95 439
727 966
908 796
636 633
451 731
980 126
107 506
549 239
553 228
348 992
165 662
745 652
201 865
818 192
783 770
609 205
499 485
172 325
154 200
616 915
58 300
663 345
131 568
449 889
447 722
789 841
664 900
884 103
978 28
889 911
618 292
716 872
348 292
828 638
205 202
690 635
297 377
289 818
879 413
863 888
662 509
37 177
595 970
67 879
422 705
560 34
11 410
47 333
90 177
825 962
73 933
259 932
422 336
48 741
198 683
532 63
337 736
509 478
885 959
797 45
319 825
503 12
161 331
604 601
592 113
708 559
527 501
51 292
74 591
700 911
209 592
937 340
701 275
478 116
243 785
815 287
844 918
359 691
472 45
326 440
329 484
790 619
574 146
670 641
640 980
680 641
109 985
539 198
442 902
174 879
726 680
913 13
145 411
218 883
183 743
944 997
905 609
637 872
502 443
505 389
490 944
473 713
97 211
996 985
443 971
782 612
336 772
634 285
429 5
839 574
550 567
50 168
171 978
978 478
232 708
653 310
505 592
287 8
591 94
941 123
836 855
585 465
399 627
755 801
457 934
793 60
483 674
525 717
506 769
931 138
236 838
955 272
577 774
816 122
819 833
215 88
287 703
798 201
323 235
318 195
613 246
82 638
471 272
219 315
885 994
87 352
795 611
857 478
696 988
385 879
851 908
660 750
973 413
463 567
860 895
772 119
520 488
648 189
316 795
227 464
9 869
585 710
857 105
787 850
627 915
832 313
257 732
833 237
882 639
903 701
212 58
822 823
895 199
917 993
114 804
562 464
304 544
191 952
801 860
473 643
537 566
244 399
379 981
838 188
70 202
220 227
205 625
465 652
136 956
128 805
927 510
414 453
237 381
382 91
337 458
227 842
448 621
604 264
334 9
671 906
272 458
880 703
69 633
497 541
349 724
831 624
637 289
965 506
458 896
429 555
409 656
375 275
345 530
396 954
312 325
348 387
918 531
318 383
964 309
533 440
494 28
703 872
12 889
146 711
366 474
459 276
522 617
721 991
428 521
986 47
215 819
950 642
455 224
743 909
489 926
678 824
934 406
575 384
228 845
160 53
120 334
734 739
790 817
355 178
67 457
360 540
97 607
316 831
455 269
728 295
541 465
994 438
477 432
156 839
732 742
106 548
992 603
207 308
155 153
304 637
838 151
311 282
830 530
546 977
840 750
739 488
896 768
71 634
899 407
663 86
766 767
932 85
131 21
343 198
358 125
505 671
573 438
576 454
836 792
617 577
505 520
215 333
749 789
550 974
135 12
971 896
92 175
864 48
870 506
928 861
945 785
234 360
487 910
839 861
474 283
78 153
906 908
945 866
432 827
206 893
264 708
564 599
121 811
110 153
663 873
958 843
262 834
513 768
381 602
4 669
378 63
225 950
636 464
40 713
699 682
810 590
428 892
678 804
238 124
688 520
304 989
618 985
15 221
238 910
424 326
763 61
925 710
998 900
285 551
731 539
478 40
977 767
615 812
943 422
545 979
793 686
777 671
373 911
468 117
896 974
938 629
387 393
390 556
563 96
47 435
654 329
123 553
877 384
715 365
74 127
41 916
231 7
804 429
588 580
455 959
386 194
227 932
339 222
286 443
877 822
487 494
608 661
467 804
851 123
104 170
344 759
639 108
391 117
859 693
310 79
186 73
421 814
301 776
68 21
768 867
308 902
777 763
447 435
146 986
537 219
21 490
423 394
752 940
729 621
411 627
820 989
397 956
243 468
885 781
270 293
753 423
402 933
294 159
756 542
233 575
627 747
332 437
830 396
873 623
655 35
490 781
626 401
240 348
847 843
938 21
385 947
778 698
193 74
435 53
75 106
978 889
946 411
431 33
415 620
1 808
226 101
354 46
874 841
89 299
307 412
792 784
61 149
878 339
948 403
277 621
302 16
879 798
112 290
865 356
331 512
914 63
390 599
852 102
858 999
732 972
568 533
532 944
771 152
59 154
22 2
837 135
303 543
469 771
474 927
197 774
84 686
70 393
418 870
612 872
730 330
561 478
67 661
923 673
646 721
594 158
741 733
600 563
182 17
555 521
383 585
168 703
689 451
506 881
362 765
220 755
371 841
389 362
958 748
102 747
216 774
656 547
984 236
716 627
590 172
422 738
584 998
156 410
484 63
74 831
419 684
683 395
134 321
998 512
554 372
983 811
441 853
243 545
523 435
786 803
971 357
555 98
852 736
906 408
302 513
817 803
144 751
787 119
626 437
268 343
795 896
833 245
672 181
195 992
17 256
715 233
535 578
630 452
189 2
815 306
340 146
843 205
516 125
41 27
688 79
541 478
322 532
715 471
259 125
784 716
986 686
400 197
683 642
46 198
321 581
827 337
538 358
645 578
261 925
211 114
249 939
32 655
162 562
583 804
662 911
594 977
667 807
376 34
527 723
162 677
241 932
719 123
371 233
802 629
15 832
350 709
524 202
873 312
102 986
528 141
718 176
665 36
884 88
333 238
746 89
910 838
474 260
367 51
663 614
10 162
673 994
980 730
103 597
345 529
863 947
920 5
684 38
246 851
245 772
817 387
211 908
124 443
287 547
327 758
964 256
447 169
742 991
626 868
95 763
354 547
164 839
303 494
180 411
43 997
322 180
664 343
792 396
367 612
80 366
65 222
490 837
750 159
454 301
56 391
277 993
441 595
80 509
891 967
854 201
147 673
518 624
815 214
781 482
32 239
749 430
574 171
193 348
1000 604
361 978
268 266
648 523
787 990
766 514
748 121
724 498
754 853
753 614
871 466
653 155
657 344
396 388
453 181
182 413
609 167
573 324
154 242
245 366
710 999
967 938
514 146
224 114
477 320
405 35
423 738
999 511
842 438
307 163
254 746
478 826
140 743
589 464
90 471
8 797
405 773
930 80
237 100
270 701
720 528
59 654
852 666
81 202
983 289
564 673
949 873
487 798
988 769
403 141
976 825
977 16
816 914
985 573
286 494
906 239
726 484
29 76
637 151
51 556
103 863
161 60
542 410
213 256
858 87
17 541
837 59
4 813
425 368
428 893
622 23
959 836
249 453
658 433
237 501
352 970
792 535
207 580
482 69
832 499
596 404
977 766
815 234
304 828
800 145
571 862
865 637
203 370
114 907
758 480
822 845
291 919
37 231
234 988
245 68
46 143
624 83
860 824
329 185
572 211
776 504
430 153
692 564
161 252
865 200
666 395
835 391
687 371
637 932
68 481
383 296
573 360
496 900
760 337
443 143
10 550
905 950
11 835
127 727
992 164
497 762
404 786
900 895
722 473
708 288
836 893
379 762
825 516
332 524
404 129
79 257
245 553
466 838
254 825
719 849
79 438
637 271
937 933
529 701
989 555
202 815
439 526
129 83
394 777
816 47
930 59
99 598
86 816
656 599
436 935
552 904
898 652
209 283
925 101
655 780
34 838
695 543
589 56
989 894
48 630
911 39
807 982
948 898
768 462
165 274
848 156
460 338
208 763
491 433
134 535
293 958
173 664
711 152
57 603
999 898
297 68
340 238
382 609
936 301
644 998
633 677
476 480
373 98
874 729
452 631
142 463
571 747
518 858
44 681
814 317
597 947
377 208
947 220
292 47
775 562
366 243
572 554
896 713
589 852
326 890
611 138
993 31
71 330
726 699
512 793
505 741
583 422
532 680
964 231
534 174
476 34
499 451
945 237
84 687
712 752
897 834
720 811
918 184
598 388
667 632
103 338
18 687
278 586
324 412
415 354
509 904
789 54
936 534
814 731
30 202
803 326
953 181
703 737
712 140
402 740
494 6
833 648
483 275
290 337
842 898
151 420
389 11
925 73
527 309
983 439
223 354
133 118
47 976
216 468
578 695
968 579
346 859
632 688
282 707
708 525
750 128
751 681
296 443
739 145
226 804
619 711
360 546
808 534
875 494
531 234
623 592
325 92
130 721
429 931
178 229
371 633
406 509
889 303
905 562
857 777
107 166
895 193
239 877
477 177
939 799
671 560
321 580
620 88
89 544
453 79
550 375
667 137
50 141
338 217
663 445
188 771
742 350
706 960
984 674
89 962
453 353
384 508
735 607
273 492
714 326
281 129
81 550
909 575
548 193
880 689
864 369
992 475
632 50
814 644
157 415
286 61
42 577
595 791
854 544
381 683
326 621
842 708
129 791
607 964
833 763
870 318
985 544
898 709
773 471
155 896
194 166
600 989
570 189
534 976
613 121
239 445
636 462
622 137
109 458
147 85
702 289
1000 385
709 82
74 562
240 278
627 674
954 574
118 299
377 739
416 929
695 869
627 595
811 453
20 359
564 32
273 121
700 897
114 533
939 460
2 876
947 969
730 507
2 456
882 526
494 696
866 623
639 386
678 250
717 672
421 355
890 116
691 125
32 974
731 844
383 465
4 101
791 46
900 818
528 302
265 856
876 214
608 540
914 567
982 451
225 76
427 732
193 750
72 969
600 728
999 105
567 869
344 541
606 789
609 23
537 306
903 232
7 434
89 123
15 935
483 879
870 105
963 409
193 953
687 147
819 925
452 146
145 830
208 642
609 490
997 890
45 285
233 5
399 474
385 376
439 549
102 801
379 428
416 402
510 586
188 723
507 448
452 455
592 874
637 150
683 466
7 532
512 218
363 670
109 430
844 167
493 15
21 904
271 660
356 281
394 570
307 887
329 659
94 429
423 949
541 242
502 918
263 844
105 680
458 344
886 776
835 602
105 825
217 151
606 411
60 363
668 106
27 146
389 519
621 198
325 921
236 100
592 468
847 516
259 39
908 904
430 444
17 233
643 333
151 98
245 67
27 944
362 289
697 1000
956 968
520 879
494 950
994 119
102 423
305 903
552 128
257 804
844 984
838 331
280 579
525 115
656 238
433 91
714 444
254 461
310 291
567 317
794 116
191 825
358 31
499 626
658 679
779 377
319 384
46 328
609 428
507 764
885 471
648 339
340 988
626 745
180 176
573 698
281 490
33 345
286 117
163 970
94 930
862 840
901 600
586 716
812 37
821 273
380 999
588 728
608 322
129 863
422 708
295 78
65 601
545 343
871 667
858 278
398 365
91 237
826 360
630 818
598 492
730 972
786 938
609 985
949 200
29 100
523 486
617 455
46 846
985 427
434 483
416 122
511 659
248 825
412 494
485 736
873 959
382 644
626 286
274 395
347 707
453 62
833 152
192 768
943 471
506 96
326 447
807 644
277 649
630 361
498 764
245 465
838 282
164 317
348 562
40 227
331 292
21 512
155 210
1000 917
361 937
69 376
535 399
889 387
139 582
305 850
188 137
102 323
654 474
605 376
765 299
774 247
351 732
390 740
528 389
896 633
951 413
337 483
627 784
83 131
830 468
31 99
949 748
966 698
668 407
457 986
319 420
563 570
582 362
351 414
892 117
239 226
663 604
724 206
879 434
882 498
457 645
794 524
674 486
507 283
660 181
95 624
167 935
280 313
557 492
449 101
582 833
604 905
53 189
902 824
891 223
954 573
374 564
384 565
686 978
692 395
950 967
294 923
521 37
905 151
528 775
108 321
273 924
351 239
613 536
106 686
18 1000
921 713
195 563
995 984
887 68
209 851
300 162
341 310
605 521
218 675
278 201
524 561
268 503
253 687
93 326
8 73
153 913
761 228
908 807
212 180
241 160
921 404
741 670
344 915
474 974
590 775
372 33
796 579
72 829
591 234
698 977
736 260
76 797
75 690
314 998
810 803
443 182
840 290
842 400
954 310
258 737
131 629
81 962
318 945
177 503
585 498
966 561
146 894
979 834
145 849
799 887
594 128
903 32
941 493
864 55
200 191
54 14
817 304
246 472
567 452
181 185
76 417
405 961
780 531
842 852
544 506
459 440
344 80
915 893
437 449
167 216
741 179
815 668
228 474
356 151
105 401
551 182
130 846
972 969
475 547
191 295
503 241
553 534
494 492
132 151
243 684
959 802
337 599
601 770
982 385
967 215
713 908
274 64
351 178
771 674
400 502
808 499
165 186
347 779
956 667
825 743
78 144
752 144
74 356
961 164
563 152
477 922
548 312
373 89
342 748
218 822
239 640
313 986
946 18
838 12
567 582
75 624
442 341
518 957
818 216
288 775
664 654
135 875
282 301
641 738
914 726
524 25
840 350
269 626
805 512
457 914
120 180
357 137
174 465
548 230
845 932
884 190
943 239
102 855
467 158
897 171
650 293
802 232
586 659
756 677
774 130
949 152
842 836
842 840
57 16
437 416
24 199
229 818
581 557
73 798
6 314
299 460
994 149
638 545
821 79
361 557
440 230
327 395
455 86
230 850
769 332
247 675
523 731
247 833
236 214
952 863
971 13
406 344
868 403
765 885
658 81
578 756
588 786
184 440
615 555
640 891
114 792
5 583
559 96
882 280
357 664
839 816
932 150
933 443
819 364
349 36
109 676
774 768
956 227
979 66
567 987
220 166
130 218
828 421
97 405
743 58
700 57
197 146
642 33
127 721
149 991
371 163
177 430
196 478
90 633
146 823
935 629
168 567
331 933
693 515
346 414
989 440
917 75
889 636
157 326
730 568
710 626
380 881
552 620
20 66
744 500
712 481
365 960
930 57
346 176
932 927
167 898
302 704
155 986
599 927
582 715
472 582
506 359
685 722
750 392
866 640
542 500
526 537
720 58
756 904
317 324
709 116
144 646
904 128
333 986
89 14
17 281
829 346
78 854
873 654
692 214
360 599
235 869
422 130
329 684
213 870
584 838
770 539
865 866
300 686
246 150
212 34
32 920
676 465
549 941
3 9
226 322
779 984
645 906
301 276
84 100
461 813
879 795
171 808
743 376
376 410
28 611
782 652
480 72
633 118
649 761
452 934
642 402
606 835
723 397
442 252
940 659
46 506
233 273
589 692
21 184
224 60
515 520
443 282
281 171
873 321
357 880
638 195
141 623
551 760
831 63
935 537
828 687
337 140
318 628
301 873
196 65
132 745
189 776
353 634
194 958
103 562
859 944
936 679
955 389
397 844
401 649
254 565
937 879
422 737
3 897
851 709
446 235
102 633
547 732
877 701
971 568
925 177
829 954
395 272
137 480
215 811
113 993
668 495
6 258
635 868
891 222
564 296
433 794
379 34
324 993
806 293
874 112
57 810
129 236
464 740
781 537
375 470
912 840
724 590
532 317
332 941
578 949
744 842
908 627
624 65
967 16
609 615
473 884
682 384
564 704
118 30
69 458
951 572
170 643
40 192
147 612
809 172
538 498
477 38
577 408
200 263
102 413
126 279
435 462
956 52
261 922
832 74
46 52
620 233
733 390
71 547
737 963
752 31
300 839
282 470
605 204
254 10
455 785
499 417
335 847
926 678
305 168
270 906
851 165
133 792
489 36
966 566
400 531
668 920
996 573
745 251
530 921
567 86
733 842
293 845
576 834
223 652
208 347
405 863
731 169
750 759
860 371
513 135
241 485
771 706
868 838
651 936
24 890
362 623
95 599
812 381
6 460
445 612
546 49
877 673
589 109
261 18
142 815
495 762
304 474
683 720
468 665
929 921
159 772
308 450
825 216
221 959
493 954
183 791
816 565
925 333
764 475
732 570
765 526
356 38
578 19
464 607
156 957
89 70
184 302
782 676
463 7
312 594
97 972
459 805
338 558
585 631
1 646
787 995
865 455
701 57
26 371
657 51
362 459
161 812
899 10
981 763
97 174
353 4
117 35
62 764
302 79
508 864
565 113
435 554
867 495
481 184
637 925
179 561
538 232
741 943
581 182
528 462
802 549
533 947
680 153
370 547
361 444
518 450
755 876
37 661
167 554
426 608
178 686
625 924
98 884
279 809
873 426
46 524
476 68
197 608
179 613
149 269
10 69
584 34
399 341
612 656
912 71
129 251
652 71
590 235
325 414
833 630
171 107
428 602
950 755
225 970
359 855
656 780
986 15
952 403
40 717
761 773
43 962
284 40
88 729
605 908
566 434
90 363
937 466
847 883
961 500
943 332
321 85
815 501
344 498
646 405
796 34
821 913
915 340
809 953
97 639
499 831
703 477
597 186
88 102
696 357
201 649
420 877
95 301
835 890
50 414
188 604
810 420
10 880
901 854
715 353
828 730
424 134
723 874
77 532
697 863
465 703
942 59
637 929
709 468
415 89
315 93
532 132
196 328
162 744
31 629
93 960
814 992
727 513
413 985
419 376
41 718
120 209
177 318
31 431
803 478
171 755
510 394
387 871
584 207
841 736
385 346
849 157
298 588
53 244
149 402
959 417
157 103
941 615
467 844
29 45
341 875
125 900
147 30
385 661
831 72
695 649
5 85
868 63
284 12
213 402
929 833
26 415
716 15
866 508
518 285
43 703
616 139
138 729
912 764
765 566
904 692
878 271
146 188
648 134
832 419
868 289
545 905
928 118
986 948
861 552
274 324
476 505
147 195
723 552
212 35
819 125
931 535
926 798
429 862
785 206
568 682
164 29
480 218
409 210
571 684
357 524
965 973
788 970
175 620
982 852
149 356
908 498
413 524
513 486
310 444
737 128
179 470
484 487
603 635
289 759
767 804
309 764
400 552
298 623
764 813
449 969
985 815
478 335
715 849
561 188
366 76
284 573
251 562
987 230
292 716
775 145
1 575
447 32
823 645
259 886
258 863
561 926
67 701
573 642
878 94
769 762
627 450
815 619
228 114
754 107
890 411
180 161
787 123
75 445
203 64
421 153
207 648
407 346
210 872
755 156
561 976
951 793
308 269
437 943
575 329
833 122
799 837
202 155
242 469
596 463
961 222
874 681
446 518
784 689
30 833
182 760
554 839
520 203
4 292
575 559
854 336
943 203
197 277
568 727
71 508
183 710
239 535
117 78
139 612
508 861
386 23
315 167
173 189
770 163
838 177
804 481
1 500
129 319
921 267
25 510
392 983
120 956
799 302
990 286
568 932
112 544
934 759
371 237
906 544
559 750
357 770
395 45
604 261
417 469
421 785
261 716
686 231
100 254
978 863
751 455
309 720
55 460
298 579
633 476
542 998
860 221
953 485
111 981
242 804
137 720
786 703
992 316
975 557
210 904
48 324
894 695
452 494
881 724
453 819
789 502
593 216
756 700
594 307
104 59
985 598
656 914
159 737
860 402
517 991
441 772
5 139
229 877
964 464
790 1000
313 322
425 280
905 119
392 175
433 773
473 4
651 599
111 510
574 994
904 202
282 546
155 336
160 74
198 406
894 883
68 345
520 314
317 508
35 902
839 411
437 899
152 781
502 171
525 946
678 110
383 252
222 58
337 444
117 256
445 265
768 532
490 754
365 562
179 711
619 851
446 909
178 23
676 490
490 261
294 577
867 385
615 743
191 987
13 423
396 49
14 576
453 32
199 572
294 958
943 973
886 804
490 39
58 675
386 362
391 255
358 118
549 471
953 694
223 956
597 134
248 124
67 704
270 871
718 353
565 273
457 599
825 605
822 458
310 23
96 175
59 789
833 954
546 257
864 615
572 966
771 656
668 33
889 727
655 534
712 120
253 328
573 885
777 956
635 592
392 414
285 77
622 334
881 752
402 811
4 523
835 3
360 161
582 892
829 993
882 491
433 976
398 438
644 458
886 621
557 579
190 52
872 171
356 260
991 162
114 338
423 950
887 77
246 383
86 212
604 657
346 641
811 329
118 165
464 572
818 551
601 141
322 438
14 480
496 109
313 681
61 27
653 759
88 103
476 534
69 385
209 944
148 880
58 90
539 97
903 640
36 794
691 90
912 349
550 291
844 580
10 704
728 981
482 181
31 874
549 233
607 423
48 445
294 726
908 120
361 381
774 657
280 757
580 576
73 386
344 597
85 991
799 119
2 455
803 112
609 417
628 507
573 582
41 717
420 227
194 553
746 10
174 499
747 479
823 819
591 279
379 263
449 526
656 572
859 967
290 470
494 110
816 946
